2.462752570487057790e+06 2.126513487571346772e+01 9.273063641266729440e-02
2.460779801960637793e+06 1.859604693959183308e+01 1.006400360373261617e-02
2.463082753691683989e+06 1.565205470444543678e+01 5.590669934699183004e-03
2.462752666009275243e+06 1.656402625715900356e+01 5.850472231834397824e-03
2.461607733565167524e+06 1.778815538774328786e+01 8.072474302453972947e-03
2.463082776147009339e+06 1.967285056469887650e+01 1.142618617107808987e-01
2.461982516807246022e+06 1.514798431974795889e+01 5.102153202667322925e-03
2.460420784569512587e+06 1.659521505024497401e+01 5.475135330364830875e-03
2.460420761793955229e+06 1.768743597978755133e+01 6.987864416773867035e-03
2.460486803470483515e+06 1.569251845749922580e+01 5.192386852648668907e-03
2.463431737293405458e+06 2.020180487855622076e+01 8.738933285208848323e-02
2.463811689387837425e+06 2.106356784517462444e+01 8.588306733433213880e-02
2.463112613869180437e+06 2.162602783689710151e+01 1.326091660300637298e-01
2.463431737740634475e+06 1.984887552140400402e+01 6.379847968232527089e-02
2.462698712231359910e+06 2.088235983934996653e+01 1.028725721512764452e-01
2.461271648437909782e+06 1.533231052725879628e+01 5.127986711420921481e-03
2.461216627153232228e+06 1.826716210427521148e+01 8.646499234770971959e-03
2.460420784120081924e+06 1.895952788716981985e+01 1.233417796378512635e-02
2.460420761347786523e+06 1.838393432947101758e+01 9.532732707250081775e-03
2.463820663171059918e+06 1.910304736140433945e+01 3.989883228878146615e-02
2.461982515442443546e+06 1.613262579772809246e+01 5.268460520593208282e-03
2.460779801509273704e+06 1.744575270916808662e+01 6.285192658299105541e-03
2.463811689834066201e+06 2.130516578829876551e+01 1.083466877851776422e-01
2.463081700567783322e+06 1.606586706121490593e+01 5.467584446326294659e-03
2.463081677540613338e+06 1.837854602959303207e+01 1.088975116965865131e-02
2.461633686784167774e+06 1.934353304125184891e+01 2.399794352723592233e-02
2.461633664386139717e+06 1.933809905378860350e+01 2.375256602502765629e-02
2.461305545196519233e+06 1.645213432435937051e+01 5.459376370260132609e-03
2.461243736344249919e+06 2.018372690722490503e+01 3.953237162519972203e-02
2.463791702668584883e+06 2.092592563781540349e+01 9.269795538402594848e-02
2.460513680191868450e+06 2.000898346238948733e+01 5.504495498403841336e-02
2.463436565879143309e+06 1.903178296877091569e+01 2.652684438187314156e-02
2.460513656831347384e+06 1.808108037079490060e+01 1.190324081747808765e-02
2.463791726197401527e+06 1.962072842059292910e+01 2.929398076659652309e-02
2.460895519307751674e+06 1.927840048299674436e+01 1.797155407596279578e-02
2.462049542281285394e+06 1.983645880942432527e+01 4.139736934130033852e-02
2.460868766166395042e+06 1.772760342973961301e+01 8.810862340255170427e-03
2.460868743662748020e+06 1.846553854373485848e+01 1.492802696419812981e-02
2.461607731745503377e+06 1.963251042099656019e+01 2.926818217010625570e-02
2.463082771673993208e+06 1.901002137011114712e+01 4.903316654301655836e-02
2.460513658200541511e+06 1.745926463493880121e+01 8.138049093911383508e-03
2.460513681539963931e+06 1.881710736919323779e+01 1.928568670617915662e-02
2.460423819855974056e+06 1.975598939037123358e+01 3.190337649361769945e-02
2.460828857220600825e+06 2.066013747619907193e+01 6.926657756433471369e-02
2.462043581569840200e+06 1.611049718132062480e+01 5.406607965650857793e-03
2.461224809896756429e+06 1.554352705096025211e+01 5.174026465083329460e-03
2.463510490894804709e+06 1.874322491049652939e+01 1.489530303414600063e-02
2.463510500488676131e+06 2.058753135733712725e+01 5.193961146196657275e-02
2.461949742976581212e+06 1.710429913568900773e+01 7.088175684740206754e-03
2.462752666458458640e+06 1.508159729435833185e+01 5.121582062144533834e-03
2.461251684491480235e+06 1.501231029977180675e+01 5.097975135158387336e-03
2.462698724820036907e+06 1.544590161549199436e+01 5.176828859963383128e-03
2.462754609059429727e+06 1.728773533036353527e+01 6.965240018864780544e-03
2.462754560012813658e+06 1.730579025555055495e+01 6.583335511768276249e-03
2.462755582759095356e+06 2.010762152634211475e+01 3.807017028951591858e-02
2.461949765847074334e+06 1.691722861356268837e+01 6.445779724882669086e-03
2.463791704518355895e+06 2.036739949465537336e+01 5.684241327487916245e-02
2.461949798826560378e+06 1.722083662530371129e+01 7.384353610311662069e-03
