2.462594790981158614e+06 2.259711219753297229e+01 8.095257287760415643e-02
2.461531907416853122e+06 2.127578593056531986e+01 1.432663253734530080e-02
2.462736657734047621e+06 1.538547466690388532e+01 5.032034977185759726e-03
2.461943773146740161e+06 1.956834351745020228e+01 7.785684862317857925e-03
2.460576579562790692e+06 2.127387600358544972e+01 3.062571252067047486e-02
2.461971563895447645e+06 1.713181051515568143e+01 5.160024578014348225e-03
2.461291665494534187e+06 1.855874062343733399e+01 6.361350674401734101e-03
2.462929846633497626e+06 1.587954313323925781e+01 5.051951254178106351e-03
2.461556661469777580e+06 1.540832732626831891e+01 5.032409710682608089e-03
2.461649586681829300e+06 1.973477762858658480e+01 7.686476648880317779e-03
2.462241791255157441e+06 2.175783970372175702e+01 3.681870478400184332e-02
2.461560859806293156e+06 1.614091984834445626e+01 5.065560115386360390e-03
2.460850593849573284e+06 1.950009122416728147e+01 7.502563883488453690e-03
2.462214827068284620e+06 1.576776354236766764e+01 5.045653770419674007e-03
2.463122581158535089e+06 1.689626147981590520e+01 5.150282771232621119e-03
2.461143759384463076e+06 2.055861454517359022e+01 1.147806589573482916e-02
2.461975750077866949e+06 1.892138095168100875e+01 6.517170941025657652e-03
2.462323732994485646e+06 1.620085591462855845e+01 5.072123182816588687e-03
2.463856574055569246e+06 2.136423497418710227e+01 4.211505120234177585e-02
2.460855551752777770e+06 1.696167627475477246e+01 5.153441267427323266e-03
2.463009675587425474e+06 2.346699478920582393e+01 1.348779027643678408e-01
2.462324820264465641e+06 1.934460148602010676e+01 6.495451240094492207e-03
2.463804723446100950e+06 1.771971730196466410e+01 5.306141334922836322e-03
2.461677533007966820e+06 1.543010401391807918e+01 5.034559603048642355e-03
2.461944632385647856e+06 1.854649415497011233e+01 5.848024649919566359e-03
2.463745618554727640e+06 1.863171337479034761e+01 5.950648392048749590e-03
2.463713922353375237e+06 2.243839003213523142e+01 4.667701417773912481e-02
2.463713921936708502e+06 2.243594086384272757e+01 4.582417315104193173e-02
2.461908658688689582e+06 1.746521017348359806e+01 5.228995600452980043e-03
2.461470854580832645e+06 2.166205673351820238e+01 3.352634664696157313e-02
2.461859887904061005e+06 2.274510986683170444e+01 8.254826395206334155e-02
2.461176871836235747e+06 1.690798269847998370e+01 5.138639609568295546e-03
2.462761560185263399e+06 1.820623133370212088e+01 5.558264383248206000e-03
2.462325820168028120e+06 1.767622015235005506e+01 5.366067558000419714e-03
2.460961543107662816e+06 2.096969081871924701e+01 1.718594895808454870e-02
2.461297552559012081e+06 2.388158700418058444e+01 1.327430717666159554e-01
2.462359513171847444e+06 1.508704469241373580e+01 5.023995772166832061e-03
2.463128529388711788e+06 1.780621657258026858e+01 5.335289155138664939e-03
2.462561866065818816e+06 1.840415443625446912e+01 5.729777083363423069e-03
2.463723747660977766e+06 1.907321022700977764e+01 6.512942804924285942e-03
2.460788782952044159e+06 1.983001365224352952e+01 7.468719795649240469e-03
2.460788795871865936e+06 2.012516136765383834e+01 8.259807583973856338e-03
2.461613658377169166e+06 2.222726299729540500e+01 5.513460233620133544e-02
2.460418822477889247e+06 2.268041672511288454e+01 5.894361932306503571e-02
2.460503598872013856e+06 2.327516202873917450e+01 9.219930244941275388e-02
2.462980794271463528e+06 2.006877163168412181e+01 8.160515603671083737e-03
2.461294560403731186e+06 2.302813878389905256e+01 7.215637847296564600e-02
2.461536775371520314e+06 2.262367168427329034e+01 5.536264236904523545e-02
2.461557850944431964e+06 1.593194826352090310e+01 5.052742805717360709e-03
2.461856844511915464e+06 1.635573047611747555e+01 5.079633471918339541e-03
2.461613741089073475e+06 2.226151040216208443e+01 8.352678765120045978e-02
2.463836650512394495e+06 1.832453319620895371e+01 5.539928020364885512e-03
2.463836593926214613e+06 2.024855251389084643e+01 8.445241169443038626e-03
2.460907678339026868e+06 2.038038893769714477e+01 1.204677326203119903e-02
2.463804716733915266e+06 2.052858835953776406e+01 1.185905912173386423e-02
2.463804656414988451e+06 2.300642881783710436e+01 8.769350886170024229e-02
2.461531907863717526e+06 1.874583830464754897e+01 5.737488256870660816e-03
2.460872513562232256e+06 1.659923997267408424e+01 5.102769822827603850e-03
2.462616743704768363e+06 1.824939147562596631e+01 5.612450381546094796e-03
2.463710702770643868e+06 2.191279764499099514e+01 4.389859464692043994e-02
2.460876736022453289e+06 1.560980134804492714e+01 5.039642378157739924e-03
2.463038772626163438e+06 2.072211381201401537e+01 1.729041941403030441e-02
2.461240716182130389e+06 2.127744210592438989e+01 2.567763273641351929e-02
2.462980795186435338e+06 2.011056821973004816e+01 8.093301181110956755e-03
2.463329843116757460e+06 2.106214532745204338e+01 1.600534864691234918e-02
2.462568867491805926e+06 2.335462793233566003e+01 1.077507973431691135e-01
2.461879762476494536e+06 2.274981711762214687e+01 6.769355223588094383e-02
2.461908658240617253e+06 2.071740793583551721e+01 1.211669299276392497e-02
2.463723747212392744e+06 2.007428317243747173e+01 1.097739643764221798e-02
2.460495618758441415e+06 1.913239697961964225e+01 6.302783683127037746e-03
2.461879740620718803e+06 1.809676630782406193e+01 5.471982139040500702e-03
2.460907673412993085e+06 2.062094348352297501e+01 1.644603428946684459e-02
2.462276871834510006e+06 2.049032029890147655e+01 1.344445098264187080e-02
2.462276861853162292e+06 2.280410519653705492e+01 1.003756107425395061e-01
2.463426729208904784e+06 1.637203025800885214e+01 5.078629493163576251e-03
2.461505836288526189e+06 1.576753592049069752e+01 5.045135037654897500e-03
2.460886700257668737e+06 2.359510403394564193e+01 1.467712956292371029e-01
2.461505775340599474e+06 1.515549376173873775e+01 5.025866667992002351e-03
2.462705711360789370e+06 2.096967291902173613e+01 2.109285049027804018e-02
2.463333796851048712e+06 1.529532228888478329e+01 5.029101968930933114e-03
2.462021584311665036e+06 1.728525119984587732e+01 5.205039464109120773e-03
2.461501847056977451e+06 2.232809056383104007e+01 3.357875810998207922e-02
2.463070675709224306e+06 1.875217704537860186e+01 5.823821316920364810e-03
2.460788787056032568e+06 2.083207126162613676e+01 1.270874935264332435e-02
2.462563878187436610e+06 2.277641411783056924e+01 1.062527141730531810e-01
2.461940798678630497e+06 1.901114085916533725e+01 6.173910806210280294e-03
2.462651689363364130e+06 1.717733561066636128e+01 5.199728664057888354e-03
2.460788795416244306e+06 1.954333782204579251e+01 6.755818115004926828e-03
2.463128528937564231e+06 1.749396852263333813e+01 5.243117739113552743e-03
2.461176872287117876e+06 1.929573046634498112e+01 6.869572743775561111e-03
2.461973690368860494e+06 1.982071038705746346e+01 7.742253366071619354e-03
2.463795513280339539e+06 1.564710270365372224e+01 5.041530364235176538e-03
2.462592869322756305e+06 1.652500476323655576e+01 5.105217116925893014e-03
2.460503596363707911e+06 1.743032263961856287e+01 5.219205235702581783e-03
2.461536774330963381e+06 1.632231909751416410e+01 5.077063618772862524e-03
2.461498799427055754e+06 2.425109756878768152e+01 1.703461713278428269e-01
2.462706701227395795e+06 1.839978232675132119e+01 5.643999825904453573e-03
2.461243782047492918e+06 1.501350324253918345e+01 5.022744851554138829e-03
2.461617712140902877e+06 2.042308974481898787e+01 1.104613694174108422e-02
2.460790806872450281e+06 1.838283586468620712e+01 5.578549673234321077e-03
2.463836593476131558e+06 2.042617855304091634e+01 9.151557749476771711e-03
2.462598828912904020e+06 1.551614508065212661e+01 5.037345869168294993e-03
2.461179842866213061e+06 1.897822281072836859e+01 6.069232674628710460e-03
2.463740665198359173e+06 1.566350408340112921e+01 5.042225395968499314e-03
2.462713675771597773e+06 1.778461097096731791e+01 5.312238474137422409e-03
2.461827869349195156e+06 1.793365021624721933e+01 5.380992148478310616e-03
2.463658888588237111e+06 1.696356295924645963e+01 5.143089569785093233e-03
2.461613743323874194e+06 1.771139689523916516e+01 5.444360360374383631e-03
2.460413763828607742e+06 2.292470590664966323e+01 1.103311259752808027e-01
2.460527661844322924e+06 1.907379384652557874e+01 6.220818419565359372e-03
2.461557851392740384e+06 2.269496840831709150e+01 7.559082858715003572e-02
2.462591802908887621e+06 2.366130658029083378e+01 1.515455705999432523e-01
2.460527659634222742e+06 2.205299685983926850e+01 3.697167745827052709e-02
2.460418825298791751e+06 2.183533474571753885e+01 2.685725376996995345e-02
2.462708510861635674e+06 2.257437241953962115e+01 5.212802682622091205e-02
2.461528717790436000e+06 1.758459265952274464e+01 5.252807435933826326e-03
2.463018821541519836e+06 1.959641956773145921e+01 6.716137716068891310e-03
2.463747570861804299e+06 2.305233219116344401e+01 1.494370936529892113e-01
2.463042778583085164e+06 1.966701757798814754e+01 7.743961480115077629e-03
2.462588827035904396e+06 1.752211144906409146e+01 5.306781907081528811e-03
2.463747633577896282e+06 2.163464561919924378e+01 2.730830292878994731e-02
2.461616698700091336e+06 1.509338620337732628e+01 5.024282937559545331e-03
2.461999469245530199e+06 1.971513475409635774e+01 8.014387328540272665e-03
2.461613657454383094e+06 1.648898609416762895e+01 5.093564768967531221e-03
2.461229819109929260e+06 1.943545672397931057e+01 7.990250534714207764e-03
2.462025602584803943e+06 2.252623368921102198e+01 6.202312354764349944e-02
2.460823885788727086e+06 2.310861736571378700e+01 1.278884427276434366e-01
2.461977677791867405e+06 1.604594808054336852e+01 5.061321455912260771e-03
2.460441771451053675e+06 2.356051711658593817e+01 9.488587620009467094e-02
2.461939803564612754e+06 1.680587331614905722e+01 5.121930401798763764e-03
2.460796750467535108e+06 1.727931028202591790e+01 5.187146424709891505e-03
2.460523672159088776e+06 1.906628536851089706e+01 6.683684658076137486e-03
2.461642612413370050e+06 1.535448326517774120e+01 5.031572123918933055e-03
2.460941559886162169e+06 1.832798545420368796e+01 5.551725037776189704e-03
2.463004719595265575e+06 1.559558940994882015e+01 5.038769421409908938e-03
2.462984744054398499e+06 2.268164773746089935e+01 5.397800441998756860e-02
2.460796737186474260e+06 1.987513803027963633e+01 7.636472865498627680e-03
2.462649694390792400e+06 1.693923318544088374e+01 5.140414436740149522e-03
2.461234734407986514e+06 1.640850140850677263e+01 5.086280385574320183e-03
2.460885673473114613e+06 1.573504413754573150e+01 5.046819477385097730e-03
2.463385674189884681e+06 2.111703795266482331e+01 1.785907816611463292e-02
2.460959553051759489e+06 1.952062719122410783e+01 7.949244801591051623e-03
2.461886774674083106e+06 1.638271727577734538e+01 5.086403105426844096e-03
2.463834620845436584e+06 1.888631004350605735e+01 6.295120946984092240e-03
2.463366672387218103e+06 2.112321841866640071e+01 2.446301657010299668e-02
2.463769618651353288e+06 2.233195536941695991e+01 3.983700702525980880e-02
2.463859508698520716e+06 2.164096196087646007e+01 3.476515071976631760e-02
2.463004671307368204e+06 1.727198970734350070e+01 5.189313412653076725e-03
2.463719879822141491e+06 2.173550056523268381e+01 2.840025308711425014e-02
2.462736655946422834e+06 2.216973021552128031e+01 4.551178078161089574e-02
2.463008834004279226e+06 2.293047627186566473e+01 7.244684604899849500e-02
2.462626703556429129e+06 1.857028837831235535e+01 6.035428476455249186e-03
2.463008892842778470e+06 1.868269415034589542e+01 5.864611462237612378e-03
2.462676626970523503e+06 2.244708843209698657e+01 8.674568071718040396e-02
2.460433736847606022e+06 1.837852329103917626e+01 5.606798748865971481e-03
2.462561874144766014e+06 1.660353957820857573e+01 5.111870769208643958e-03
2.461975749632859603e+06 1.588695526354484677e+01 5.052791538044768514e-03
2.461673513349608518e+06 1.566159663870000962e+01 5.041381296694085259e-03
2.461169875462247990e+06 1.741690984872074210e+01 5.225986261041008427e-03
2.462928848467538133e+06 1.660961131932259249e+01 5.103201141224112183e-03
2.463478578839187510e+06 1.764304892369512601e+01 5.262197469454367449e-03
2.460434906872728374e+06 1.518596826811858413e+01 5.026638866494037919e-03
2.461232784299158026e+06 2.054978780777490144e+01 1.451143404041310529e-02
2.461649598476603627e+06 1.625125355172644959e+01 5.072111868233607213e-03
2.462003680288322736e+06 1.598276523013431394e+01 5.069130723742781668e-03
2.460490649213172495e+06 2.084070318178672565e+01 1.225753103328532101e-02
2.463042776772146579e+06 1.717165466900567949e+01 5.177051454060536788e-03
2.460849646906431299e+06 1.566792560126376266e+01 5.041460110331654615e-03
2.463714749531308655e+06 2.163535623730892254e+01 2.141224558816480841e-02
2.460957549692726228e+06 1.806042070352997442e+01 5.602241910638877664e-03
2.461944808272693772e+06 1.647767749545397464e+01 5.093339010141234753e-03
2.461944643747764640e+06 1.927936513832288767e+01 7.115817904909335807e-03
2.461225743033624720e+06 2.185060045969686371e+01 6.264757018777269981e-02
2.460849795505302493e+06 1.935623501393808255e+01 7.178833080906716138e-03
2.462004478599471506e+06 1.607892648007451442e+01 5.061326205088515287e-03
2.462616745058636181e+06 2.129040663655506549e+01 2.654566120892408454e-02
2.462234838189056143e+06 1.914448216430979954e+01 6.320944394088996894e-03
2.460576576879027765e+06 2.324632352956001924e+01 1.594342784771216881e-01
2.460413766073675361e+06 2.018939398944395691e+01 1.140379008570676159e-02
2.460527662293646019e+06 1.650204048134312984e+01 5.090403023003195124e-03
2.463480615818018094e+06 1.795170305024555191e+01 5.363867579748432014e-03
2.463118583212058060e+06 1.947198378529084195e+01 6.789914616006092682e-03
2.461170725052415859e+06 2.151427469081588839e+01 2.046697270474202510e-02
2.460871562396951020e+06 1.540143579828386677e+01 5.032984756812152773e-03
2.463383639326296747e+06 1.578467358679010424e+01 5.046647966059933897e-03
2.463098609955254011e+06 1.582931974832748701e+01 5.048410006546153080e-03
2.463101605561198201e+06 2.121672663268922321e+01 3.287336413187061379e-02
2.462677747551037930e+06 1.592796585916665464e+01 5.055793150472279868e-03
2.462245740915627219e+06 1.871456213250701595e+01 5.954735876520636517e-03
2.462210812604170293e+06 2.017286348042306088e+01 9.944958114029440674e-03
2.461936652254974935e+06 1.711773952771530816e+01 5.164322505450540633e-03
2.461181903002049774e+06 1.598505459816680307e+01 5.055218472799822074e-03
2.460561604057087097e+06 1.512129143524882657e+01 5.024992372363228620e-03
2.461324545493241865e+06 1.740473812057470582e+01 5.231638878083252203e-03
2.460873508533477318e+06 2.285721392422431109e+01 9.535035638079561449e-02
2.461240716629704461e+06 1.758439130788639915e+01 5.288556616303396150e-03
2.462047515802433714e+06 1.720198688064223091e+01 5.414482297446909960e-03
