2.462594767104576342e+06 1.582114939206432780e+01 5.039953645025561403e-03
2.460576555245671421e+06 1.753454754656893755e+01 5.197934754539841606e-03
2.461943748663356528e+06 2.135576097803850004e+01 1.521292075593935235e-02
2.462736633901720867e+06 2.291557523410927644e+01 7.233594588238174972e-02
2.461560835785026196e+06 2.072727753492997493e+01 9.781777698809670032e-03
2.462711672563040629e+06 1.819934168752426018e+01 5.371496308423797696e-03
2.461236778475727886e+06 1.595611045410423401e+01 5.045520573811083237e-03
2.461143783477781340e+06 1.609766248441712477e+01 5.050271021481552922e-03
2.460855527820987161e+06 2.329370337467597096e+01 1.146783000649813505e-01
2.461556637270089705e+06 2.039467534485990186e+01 9.249035422220858171e-03
2.460857764014562126e+06 2.006220540421868748e+01 7.915009347602863787e-03
2.462241767028510105e+06 1.596310255253733956e+01 5.047250033817222981e-03
2.462214851265926380e+06 2.011955020283286188e+01 8.132360198373000254e-03
2.460850569714781363e+06 2.200428178434979287e+01 3.076285814969915988e-02
2.462323708878253587e+06 2.023807636661589981e+01 1.031917338271827814e-02
2.463801522248156369e+06 2.174308567261403624e+01 2.682771711939907835e-02
2.461264685475290287e+06 2.137006316293412311e+01 2.184894997465648692e-02
2.461649610603512730e+06 2.404978742148805182e+01 1.687043338414386251e-01
2.461264620254409499e+06 1.554009227815636507e+01 5.030522302643606301e-03
2.461677509009656031e+06 1.972158579746554707e+01 8.901351650649846556e-03
2.463856549329320434e+06 2.270799436634893453e+01 9.388749254097436547e-02
2.463122557325660251e+06 1.828113815705952305e+01 5.532346706427377150e-03
2.462324843947296962e+06 2.055223119354881689e+01 1.273296938078994495e-02
2.463801546249190345e+06 2.257964739945425947e+01 4.224260485040973179e-02
2.462929871909614187e+06 2.129257183374640761e+01 1.796491814832837375e-02
2.463009651515916456e+06 1.837549999970173076e+01 5.467818777448990759e-03
2.461944607910295948e+06 2.283947450339339724e+01 4.950619089106985532e-02
2.461965585838092957e+06 2.237503583570482135e+01 3.364053250107981730e-02
2.461470832036078908e+06 2.193850581275638234e+01 3.755175779189330598e-02
2.461643643714247271e+06 1.784770718494483077e+01 5.288697947379481477e-03
2.462561842342194635e+06 2.011564777274038107e+01 9.021963824492496009e-03
2.463116560030843131e+06 1.962515198319748677e+01 6.808722228849253474e-03
2.463072720129882917e+06 2.135422682253715720e+01 2.684055106709401853e-02
2.463745642484200187e+06 2.129035073810937462e+01 1.561849024712703982e-02
2.462325796440342907e+06 1.732786683173922171e+01 5.183613315302207196e-03
2.461176896163857542e+06 1.726767174819056194e+01 5.155854929493474889e-03
2.463128504771304317e+06 1.542654032974959044e+01 5.027017774318091360e-03
2.462359488359028473e+06 2.406419365025455903e+01 1.331504341263190228e-01
2.463000672750680242e+06 1.900859453606362592e+01 5.846953486142555251e-03
2.461908682493412867e+06 2.420189116243362548e+01 1.572442322388324099e-01
2.461859861085979734e+06 2.323222871041201643e+01 8.634296988499282066e-02
2.461562859773536213e+06 2.086015985255582450e+01 1.143346392745485211e-02
2.460961519367065281e+06 2.080009827852880733e+01 1.153388521050014229e-02
2.463072686947997659e+06 2.076502566647968351e+01 1.661388146571476238e-02
2.462213845657791477e+06 1.962847058450438453e+01 6.882742871004732602e-03
2.460466853070787154e+06 1.559764335433475324e+01 5.031759571278513442e-03
2.462980766676497646e+06 1.894568997678513966e+01 5.733670036560817480e-03
2.461879788189883344e+06 1.652525816592178742e+01 5.075826296817720004e-03
2.461613717298805714e+06 1.858206963536828482e+01 5.674756871274048986e-03
2.460495597612966783e+06 1.517947425111288418e+01 5.021650622523768544e-03
2.461856819602826610e+06 2.333035668751335834e+01 8.433548765492128452e-02
2.461616674290898722e+06 2.182141124583390024e+01 2.032299899207539243e-02
2.461879818625650834e+06 2.303137927942010776e+01 5.516069129729087028e-02
2.463715765946092084e+06 1.921726853527574264e+01 5.978619622402086588e-03
2.461265645493015181e+06 2.047795469193586371e+01 1.040212143053426998e-02
2.460788758829869330e+06 2.202080567348184204e+01 2.549138802529851006e-02
2.460418798064237926e+06 1.656083277385791419e+01 5.076863779074179336e-03
2.462980818796651438e+06 2.287928535705313138e+01 3.572850038589031607e-02
2.461613682533261366e+06 2.085666543057543620e+01 1.424988350470820023e-02
2.460503574184090365e+06 1.706177890632832472e+01 5.124151626280324008e-03
2.461536750371044036e+06 2.254439757167900638e+01 4.505471736456930637e-02
2.461557826885475311e+06 2.420654342353863342e+01 1.571504849086778621e-01
2.463836626426607836e+06 2.275650834200028783e+01 4.926705540177084980e-02
2.463836617836236954e+06 1.796855835830743686e+01 5.288793671858728340e-03
2.463804692825625651e+06 2.033638585624851913e+01 8.677895612382762261e-03
2.463804680843785405e+06 1.572561234624198434e+01 5.035888934783787352e-03
2.463801521796239074e+06 2.151820118298230256e+01 2.233399552133926227e-02
2.463072687398565933e+06 2.255425753519327259e+01 6.846015767543987829e-02
2.463072719682268333e+06 2.265824853659653115e+01 8.243361522199280089e-02
2.461229793869052548e+06 1.654259475202707819e+01 5.081594205009377571e-03
2.462616719750267919e+06 1.761046486492304197e+01 5.272461373821576112e-03
2.460872489542024210e+06 1.646649359510900368e+01 5.072980253761690851e-03
2.461879786837531719e+06 2.035884050887342767e+01 8.671925566739673019e-03
2.460876711404131260e+06 1.747331647947525113e+01 5.195001846950641003e-03
2.463715766394643579e+06 2.396818668294988441e+01 1.077413109230300620e-01
2.461643645952159539e+06 2.343351403123298837e+01 1.128774103599867740e-01
2.462980819762258325e+06 2.026423251988102692e+01 7.561596313043580930e-03
2.463098580793360248e+06 2.094708022498105038e+01 1.356074298514330610e-02
2.463710679026373196e+06 1.794511799810161889e+01 5.406366831726681574e-03
2.462980767125051934e+06 2.052875608298039012e+01 8.577363295860370232e-03
2.462623668803141452e+06 1.866026292409934584e+01 6.086156825769043106e-03
2.462568843293843325e+06 1.956423920523829452e+01 6.862553943086780947e-03
2.462276897230783943e+06 2.078991517172995884e+01 1.097103986934194579e-02
2.460495593845135998e+06 1.667209610181232904e+01 5.087638576011212048e-03
2.462276837618862279e+06 2.356114110271751372e+01 1.125428628398089242e-01
2.463038747920020018e+06 1.971143870066468295e+01 7.253866987412617255e-03
2.461879716718329582e+06 1.907075852042948583e+01 5.976423488313980202e-03
2.463853565906756558e+06 2.314145389207184422e+01 1.022052014919902496e-01
2.461908682045500260e+06 2.397568110638275130e+01 1.195234932484388612e-01
2.463426705278697424e+06 2.025044359857499288e+01 7.352504562864529448e-03
2.460886676363868173e+06 2.355529913743038151e+01 1.237175940867831225e-01
2.463333772576071322e+06 1.626246921374702481e+01 5.060357698926906504e-03
2.463070651530502830e+06 2.317248722573978981e+01 5.669475450631224211e-02
2.463128504303869791e+06 2.225350711113145863e+01 2.774607700315440476e-02
2.460503563159989659e+06 2.081811754059986441e+01 1.172758722547142390e-02
2.460788762890910264e+06 2.124819232109549461e+01 1.441618300902720515e-02
2.460503571867291816e+06 2.260517935352811492e+01 3.800966657892514144e-02
2.462563852514670230e+06 2.109171493800111463e+01 2.429860448783236621e-02
2.461501822552202269e+06 1.805920990228117162e+01 5.314146028490287881e-03
2.463440549572242424e+06 2.020455893665118552e+01 8.564701807512170931e-03
2.461176896612197626e+06 2.276481256613163850e+01 5.532851186019475259e-02
2.463836617388379294e+06 1.931688198161467795e+01 6.069134627503867778e-03
2.462598804465951398e+06 2.158828944272266526e+01 2.867414008241482570e-02
2.461536748903871980e+06 1.891404565989607534e+01 5.861420569779173494e-03
2.461827845122127328e+06 1.975701458863807858e+01 7.455339756489474425e-03
2.460790782686933409e+06 1.871187646055786757e+01 5.612147820422932337e-03
2.460877523674554657e+06 1.694810478023964961e+01 5.111345279327028299e-03
2.462713522004257888e+06 2.451551877871513341e+01 1.657814315902025049e-01
2.462678637962013017e+06 2.032976535494063342e+01 1.046943002952796346e-02
2.461243758308732882e+06 1.600090298502609443e+01 5.046308775027157252e-03
2.461617735959406476e+06 1.733791832662798882e+01 5.171578658109503984e-03
2.460466853519455530e+06 1.744278474329766127e+01 5.181688663467452251e-03
2.463747594604106620e+06 2.235066761493664700e+01 3.746749566686286004e-02
2.463127520847593434e+06 2.058913208615240009e+01 8.754816104493820181e-03
2.461557827333886176e+06 1.572208296775285064e+01 5.035750085269521774e-03
2.461613681634029374e+06 2.220343942357221678e+01 4.286257077352682854e-02
2.460467797469701152e+06 1.828624070046980066e+01 5.424509839786401978e-03
2.461613719535944052e+06 2.360975963542341560e+01 1.504384462666601419e-01
2.461229795212921221e+06 2.072885332248928592e+01 1.543360320283127494e-02
2.463018845658290200e+06 1.637740522365216123e+01 5.065393303673176514e-03
2.463747670739945490e+06 1.616531212174119858e+01 5.053734432681583101e-03
2.461616674738349859e+06 2.398652516392522571e+01 1.250098096977634576e-01
2.460849623546772636e+06 2.152818446983653544e+01 2.124915015457788658e-02
2.460418800785827450e+06 2.442891916412996522e+01 1.325075780521605129e-01
2.460527635549416766e+06 2.136298403969386328e+01 1.327710160090195095e-02
2.463747609816694167e+06 1.738170168191425446e+01 5.174949973177511535e-03
2.463042754706962034e+06 1.528613001349233613e+01 5.024017290009188952e-03
2.461886749553644564e+06 1.978539786578904369e+01 7.684727761677115181e-03
2.461234710282688960e+06 1.629587352271201439e+01 5.061831353910859962e-03
2.463834596890757326e+06 1.871808458188782254e+01 5.677302296162413560e-03
2.461621522545296233e+06 1.738297466269119695e+01 5.170191626336894872e-03
2.463004695635189768e+06 2.154231143635186640e+01 1.914812495299524076e-02
2.460441746513849124e+06 2.183536838702052307e+01 2.713264261103257025e-02
2.463859532950461376e+06 1.803298759681310415e+01 5.386672311550586012e-03
2.460823866245292593e+06 2.148687136543570375e+01 2.311933540134897269e-02
2.460959528571532574e+06 1.600868863544218001e+01 5.047201122780531693e-03
2.463385650102096144e+06 2.032574189078127347e+01 1.233719350124357246e-02
2.462741677631962113e+06 1.810629278241479412e+01 5.359326249817236536e-03
2.460885648610524368e+06 1.778453358660786776e+01 5.301082765140838204e-03
2.463773599250076804e+06 2.016467367079329875e+01 8.268080012182014646e-03
2.460796713145318441e+06 2.204171624383622330e+01 2.460076373440112790e-02
2.463475561638403218e+06 1.811898675835556105e+01 5.369115890855791738e-03
2.462329727999600116e+06 1.630488147008541588e+01 5.061475595126450899e-03
2.462984720256623812e+06 2.313858194501853660e+01 6.468897804595419299e-02
2.461673566333570052e+06 1.836831552812952140e+01 5.453487371466129476e-03
2.461261655902553815e+06 1.810341793996742155e+01 5.372084777512269906e-03
2.463089638149527367e+06 2.336662029735060031e+01 1.069062355856569141e-01
2.462736632109728642e+06 2.322632946036893031e+01 8.436803586982048742e-02
2.460465672120447271e+06 1.869029094059557394e+01 5.633405478861236437e-03
2.463008864346230403e+06 2.149610006452900279e+01 1.741995163204396874e-02
2.461588760071928147e+06 2.306584753772908769e+01 1.023256240862899513e-01
2.462626727989672683e+06 1.994400389920848227e+01 7.560209303146591189e-03
2.463008858285656665e+06 2.352855169643533628e+01 8.366954072462991221e-02
2.461649622305285186e+06 1.963662161182486443e+01 7.151881838316284136e-03
2.460433712841946166e+06 1.891849692563347674e+01 5.734436375123580509e-03
2.462928873129714746e+06 2.145148451672872625e+01 1.873946523955013349e-02
2.462972731046085712e+06 1.996139483147672422e+01 8.695437200298045816e-03
2.461673537667797878e+06 2.222702478327835252e+01 3.666115453000955843e-02
2.462561850401942618e+06 2.120518880476909729e+01 2.388909201951680550e-02
2.463478554673154838e+06 2.388459049041643567e+01 9.706587185504343684e-02
2.460849622183706611e+06 1.562105834607382171e+01 5.032744116505913010e-03
2.463041752559223678e+06 1.535994175555476815e+01 5.025456959454583684e-03
2.460490623579551466e+06 2.279476563783447318e+01 3.924253804430925807e-02
2.463042752863300964e+06 1.678938560539398495e+01 5.099180592573758324e-03
2.462415544938577805e+06 2.364000076623513635e+01 1.128263915757754809e-01
2.460527637866021134e+06 2.395410940563502322e+01 1.296100551315700344e-01
2.462616721103020944e+06 1.787202661119102842e+01 5.381369370027337326e-03
2.463130520443700720e+06 1.988980860903032521e+01 7.095303822864463053e-03
2.462234813954471145e+06 2.207744399474098174e+01 2.633619679990774343e-02
2.460576552559818607e+06 1.609980237768278499e+01 5.050639760405961284e-03
2.461944618748910259e+06 1.532120868830677551e+01 5.024523631958694066e-03
2.463714773572558071e+06 1.879701791222989371e+01 5.639189142464094522e-03
2.463073546168004163e+06 1.565703804337457328e+01 5.033835897786404640e-03
2.463098585577613674e+06 1.997701329292634753e+01 8.257338675663482980e-03
2.460871538279825822e+06 2.305661657042649892e+01 9.449183142474257280e-02
2.462245716569772922e+06 2.039278149333951262e+01 9.315590809400762021e-03
2.463383615492970217e+06 2.387428321310310153e+01 1.600369152939520312e-01
2.463118559327939525e+06 2.089410307263339561e+01 1.056984922889892334e-02
2.462210788430073299e+06 2.061649691222100600e+01 1.251648427061588520e-02
2.461262645689066499e+06 2.100032783868918784e+01 1.341189432684481223e-02
2.463480592054899316e+06 2.040592452423335956e+01 8.387803614535168512e-03
2.463101581467579119e+06 1.599076581016515419e+01 5.046609678778582464e-03
2.461170700936567970e+06 2.230041823861985506e+01 3.155844141183469093e-02
2.462590832944449037e+06 1.984487545424618560e+01 7.891600127055312802e-03
2.463473591265280731e+06 2.359233292147840189e+01 1.036617123723292816e-01
2.461262681015386246e+06 1.781102805467034500e+01 5.276314864818838768e-03
2.461936676603187341e+06 1.672791288357200656e+01 5.090789314894004179e-03
2.460873484182057437e+06 2.084207258724615741e+01 1.270739515522162529e-02
2.460561564010374248e+06 2.421998996558509987e+01 1.407622998620027543e-01
2.461324521492548287e+06 2.247393830870744225e+01 5.229285907134718220e-02
2.461181877419116441e+06 2.037913458745025963e+01 7.802796117400134616e-03
