2.462752546471662819e+06 1.535371420020167932e+01 5.064337442876231700e-03
2.462752642303047236e+06 2.219596881943626698e+01 1.436822424463274905e-01
2.462344711860154755e+06 2.027558054908480045e+01 3.616350687356406635e-02
2.460779826223931275e+06 2.117473348536349675e+01 6.411254617881935458e-02
2.462602822165252175e+06 1.592580551404205558e+01 5.117342470437014415e-03
2.462602790487542748e+06 2.073112295554395956e+01 4.026372688329001026e-02
2.463082468765158672e+06 2.024034192220988260e+01 3.571875711456935776e-02
2.460778921483503189e+06 1.985264069945308307e+01 1.590159316093708863e-02
2.462347723197687417e+06 1.542961382767182954e+01 5.069689853658018025e-03
2.463784596415169537e+06 2.032454742047343288e+01 3.854041400364982550e-02
2.461670521746687125e+06 1.832273912817118600e+01 6.452682331434990946e-03
2.463015870099412743e+06 2.027331012532793153e+01 2.144826690308716463e-02
2.462252751273017377e+06 2.095259143748684849e+01 4.980332255122941337e-02
2.461515829378927592e+06 2.047938280208126471e+01 3.411102750156653346e-02
2.461842840291834902e+06 1.888468022232965993e+01 9.304511759754476030e-03
2.461308539770406671e+06 1.768434405532156717e+01 5.757631744372912301e-03
2.461894732080494054e+06 1.530845326768240966e+01 5.057891209458540913e-03
2.460870514343848452e+06 1.894699355678720920e+01 1.096607968552530503e-02
2.460932626998120919e+06 1.687253643688865523e+01 5.315738861855611591e-03
2.460870593458109535e+06 1.853821777937699977e+01 9.960388921420463074e-03
2.462608790022221860e+06 1.990343103454067375e+01 2.385385588216452218e-02
2.462608723113716114e+06 2.141821209591500619e+01 1.065741498432427325e-01
2.463015840402912814e+06 2.241159851480525589e+01 1.340756350647578088e-01
2.462607785351216793e+06 1.891205003499754156e+01 1.231654040256724252e-02
2.460830633810574654e+06 2.206452130586701443e+01 1.582228622984757083e-01
2.461127827486681752e+06 1.605240142272516479e+01 5.119190315629277947e-03
2.460547621892367024e+06 1.972008925067095220e+01 1.154816327442327768e-02
2.461866791602364276e+06 1.879079856986630759e+01 7.005689524071601927e-03
2.460486779329863377e+06 1.687719529539219465e+01 5.486142919406297898e-03
2.461863847947882954e+06 1.938718130899282599e+01 9.176229454891724271e-03
2.461643614760279655e+06 2.048910018741117511e+01 2.624022235281118012e-02
2.463000908625469543e+06 1.984676830353680899e+01 1.317203040030655650e-02
2.462399577538778074e+06 2.156213951833879605e+01 8.836851308585172426e-02
2.461196794663304929e+06 1.581934879273038064e+01 5.094155535352040860e-03
2.461905885528808460e+06 2.153806244729134534e+01 5.717045305891932383e-02
2.461964774177192245e+06 1.656935700849571802e+01 5.257298350833259672e-03
2.461908932049024384e+06 1.780498384341195006e+01 6.047702042315898467e-03
2.462571893874350470e+06 1.916723671162237608e+01 1.133178737878708965e-02
2.462342730308366008e+06 1.836196091600716684e+01 9.198311674749234598e-03
2.462728469047219958e+06 1.563152703790798626e+01 5.083010487719700349e-03
2.461196858711273409e+06 1.600216236798704017e+01 5.128807528574193947e-03
2.460448900423177518e+06 1.516944473676231553e+01 5.049393016879183058e-03
2.461513790754151996e+06 1.666048131797886001e+01 5.245008511001275804e-03
2.463112589492884465e+06 1.902282236094230683e+01 1.051133272809775046e-02
2.463811665503961500e+06 1.659343915673689906e+01 5.196128442023273397e-03
2.463048774416963570e+06 2.018246382994791688e+01 2.404192045028409955e-02
2.463699749856028706e+06 1.810971896735875930e+01 6.456332276705703012e-03
2.460487764219992328e+06 1.520556656710373034e+01 5.056575737380098606e-03
2.462252751722609624e+06 2.007275918443091456e+01 2.564113057664814399e-02
2.463431713647444267e+06 1.845111139171472558e+01 1.069839066997732742e-02
2.461308539323169272e+06 1.576530818592338434e+01 5.091684496648995334e-03
2.462342729862378445e+06 1.877959043084497637e+01 1.240798802066792224e-02
2.461964771947271191e+06 2.131327171184430114e+01 7.554506487038539775e-02
2.462698736144727562e+06 2.071322532952230588e+01 5.324983484780786147e-02
2.463467604527793359e+06 1.614264355770060533e+01 5.194177333590765597e-03
2.461271624664448202e+06 2.025503439448368326e+01 1.689043150306683214e-02
2.463016863271486480e+06 2.269092319929901436e+01 1.441290428451548755e-01
2.461216601662212983e+06 1.715692738666164274e+01 5.402432950055510372e-03
2.461643613355938345e+06 1.757390298967145981e+01 5.736038482757131740e-03
2.463016692598565947e+06 1.936703470148770734e+01 1.025404909583128507e-02
2.460476811500772368e+06 2.113637044887837391e+01 4.728063861930374007e-02
2.461987697532722261e+06 2.076630151540184599e+01 4.367347121455133346e-02
2.461671576774206012e+06 1.681304488105081774e+01 5.260859218505281251e-03
2.462247837589606177e+06 2.158283267273458605e+01 6.432905340233274760e-02
2.463820639229583554e+06 1.874322138041945607e+01 1.417947844664586496e-02
2.462691512870672159e+06 2.008854697766177466e+01 4.075313598989721564e-02
2.463084687744930852e+06 2.137220258529504946e+01 9.032904154252967277e-02
2.463015867829085328e+06 1.611304708858982693e+01 5.128587519370600770e-03
2.461863848852549680e+06 1.964844065337562284e+01 1.048440960357210731e-02
2.462986913286092225e+06 1.717725787358989109e+01 5.372588495309135910e-03
2.461309521570141427e+06 1.741228241421369916e+01 5.616552592349148380e-03
2.463084630660428666e+06 1.605704948447317548e+01 5.144910425482583996e-03
2.460830635602402035e+06 2.011482099993453687e+01 2.860580894211443848e-02
2.460829828327431809e+06 1.831271098488284821e+01 7.968727479355149426e-03
2.463854545284189750e+06 2.024017195989859630e+01 2.950444297404195351e-02
2.463015839953055140e+06 2.111049228717671156e+01 4.316055787586969145e-02
2.463015911049989052e+06 1.588401040682451715e+01 5.116201217331686410e-03
2.460858566258651670e+06 1.855385508222284940e+01 7.242855446087510980e-03
2.462727473333971575e+06 1.962317071759706977e+01 2.195387325903058046e-02
2.460924620362001471e+06 1.720986356943327422e+01 5.476913528028710954e-03
2.463811665952034295e+06 1.646749282263509784e+01 5.173063574676457776e-03
2.460422824119486846e+06 1.911106850767044563e+01 9.755020262689571148e-03
2.461992701882586814e+06 1.932890477680523844e+01 1.670926716353366565e-02
2.461105842826230917e+06 1.932537174665282009e+01 1.138613346003642356e-02
2.462553891815335024e+06 1.997311341250410521e+01 2.389107306895132607e-02
2.461243507270986214e+06 1.598119513156558469e+01 5.108449606291315045e-03
2.461243712437282782e+06 1.504023092038943332e+01 5.044128993665314246e-03
2.461305521005117334e+06 1.800655387448454547e+01 6.020288168494530336e-03
2.460859779094640166e+06 1.617083408120635823e+01 5.139751728207103687e-03
2.460448684872316662e+06 1.891719715951681380e+01 9.119863961742668765e-03
2.461608707938810345e+06 1.937130705690876198e+01 1.064198120094262366e-02
2.462764571243258193e+06 2.008627678309803954e+01 1.689915975254798267e-02
2.461608518238697201e+06 1.637637669206992186e+01 5.163456563806889492e-03
2.463436541106362827e+06 2.020889730388286765e+01 3.803911634667717090e-02
2.463752632816565223e+06 1.501115373309508350e+01 5.042490711513192281e-03
2.463752649048529565e+06 1.985384196104794796e+01 1.154371368079237271e-02
2.461104904418020509e+06 1.650662479449521669e+01 5.226996527747941948e-03
2.460448902293201536e+06 1.703006949084824839e+01 5.323632274398573325e-03
2.463699748514208477e+06 2.166802848883663657e+01 7.611273733152656984e-02
2.462671886378881056e+06 1.871930519219635869e+01 1.662937709080655746e-02
2.462636647553062066e+06 1.783498458775229167e+01 6.596427556619550124e-03
2.461935812087039929e+06 2.110907856736770327e+01 3.446016616581199649e-02
2.463457486704575364e+06 1.572922971647154355e+01 5.092283904149246324e-03
2.463693776302262209e+06 1.921134915294474510e+01 8.509848069263878031e-03
2.460519466422054451e+06 1.911369705550372089e+01 1.158854772920469081e-02
2.463796711899366695e+06 1.852129046814335211e+01 7.481298403880920836e-03
2.460895494199549779e+06 1.797953462202398356e+01 6.389669725186993519e-03
2.463695844629643951e+06 1.818730769585564744e+01 6.050582651708175802e-03
2.461625650713969953e+06 1.727911336300714851e+01 5.514131014435719354e-03
2.460519512583333533e+06 1.663508749967470379e+01 5.226626878146776491e-03
2.460720891844260972e+06 1.812298934294482322e+01 7.286491850086502901e-03
2.462645896186711732e+06 2.066319543104456002e+01 4.958028011850512673e-02
2.460460849993029144e+06 1.936497047594297172e+01 1.022232616939186198e-02
2.462049518467179034e+06 2.170010632902583581e+01 1.670593674571236864e-01
2.460547621444481425e+06 1.599847937949208720e+01 5.110388365209173230e-03
2.461133770759402309e+06 2.027861094260518726e+01 2.737619874867834591e-02
2.462398538849951699e+06 1.728159907984951360e+01 5.535377332697484325e-03
2.462398606069907546e+06 2.187039383556506067e+01 1.643119876738199647e-01
2.461511838115155231e+06 1.852513996779531880e+01 6.524576491122899974e-03
2.461161778205463197e+06 1.766599700378015214e+01 5.862119305692797301e-03
2.461922834983682260e+06 2.084651666952544957e+01 2.544384721385079332e-02
2.463437511479090434e+06 1.704039023177531575e+01 5.439738341081364059e-03
2.463437543814211152e+06 1.585502948323714634e+01 5.104671310256225954e-03
2.460831628101984505e+06 2.080391065099365733e+01 5.611738141378583289e-02
2.462608791836095043e+06 1.795050023797328009e+01 6.675416624281700108e-03
2.461515828413252253e+06 1.953787783307896930e+01 1.566199638849460202e-02
2.462636648000989109e+06 1.923947382347691715e+01 1.502321434166165905e-02
2.460778852128607687e+06 1.830059804169635740e+01 6.391487797052138216e-03
2.461964773731315508e+06 1.739643452563739601e+01 5.714235203993078306e-03
2.461607707696249243e+06 2.199035888239246006e+01 1.244944440650421480e-01
2.460897469534371048e+06 2.041210002913739530e+01 2.765167790238081541e-02
2.461225804317211267e+06 1.914306443240612765e+01 1.022474436858953999e-02
2.461596763845005538e+06 1.886881457506824944e+01 9.297753353860436359e-03
2.460423795230078511e+06 2.100666632986379057e+01 4.501671893132214858e-02
2.462962833487460855e+06 2.234943916604418845e+01 1.059228032340511216e-01
2.463726687971623149e+06 1.546591642488731999e+01 5.068763041801423869e-03
2.463502543699764647e+06 1.692837867744136915e+01 5.307670669886982266e-03
2.463672881606768817e+06 1.856985356015585253e+01 7.901412343660426524e-03
2.462643844433071092e+06 1.855510150397810065e+01 8.532753831871671066e-03
2.460871782289903145e+06 1.559378547752717203e+01 5.111141844113395970e-03
2.461154919509172905e+06 1.608053031026857838e+01 5.117396570204452849e-03
2.462043557881178800e+06 1.858421541525576970e+01 8.181510829809716945e-03
2.463768777414429933e+06 1.687168885855603406e+01 5.253654812654441099e-03
2.463136539642330725e+06 1.532919295584910735e+01 5.059187732522138145e-03
2.463383883124107495e+06 1.835202780339863082e+01 6.590888921896147570e-03
2.461485814217567444e+06 1.637710335906414727e+01 5.178657828290964167e-03
2.463140493119299412e+06 1.992046188501177895e+01 1.590957586002786708e-02
2.461540905721793883e+06 1.566275993191903382e+01 5.088671317284777784e-03
2.462582867254508659e+06 1.885334310047534956e+01 9.176897983890810670e-03
2.461224785728910938e+06 2.172013091973768439e+01 8.316572567988625431e-02
2.463140530973270070e+06 1.998589604766782912e+01 1.880873955768298106e-02
2.463103582538590766e+06 1.680526968719966874e+01 5.308229939269928574e-03
2.462017597074119840e+06 2.082237017541061164e+01 5.736864042336108083e-02
2.460417912016310729e+06 1.604768163240311907e+01 5.118391513158350795e-03
2.461610518959112465e+06 2.165815768420696585e+01 8.713177496015499235e-02
2.463794758963441476e+06 1.602635562428052296e+01 5.135018986608124933e-03
2.460828832674087957e+06 1.523651342512513374e+01 5.055669544326292855e-03
2.462290884456131142e+06 2.117975302851551334e+01 5.879048943612251443e-02
2.462734489583964460e+06 2.074311263641901704e+01 2.319575667517612474e-02
2.463722759813034441e+06 1.848727377176033926e+01 6.465222540856099126e-03
2.461242759986145888e+06 1.512709861002410250e+01 5.049167300696458423e-03
2.462754584578032605e+06 2.018191167202541791e+01 2.926259288055466090e-02
2.462754584161365870e+06 1.770896825463312751e+01 6.195407961470149154e-03
2.460950531783069484e+06 2.209048017614087200e+01 1.204945258363018523e-01
2.462755558746761642e+06 2.026248177801523198e+01 2.626453757606372549e-02
2.462375621417507064e+06 1.764758962237786832e+01 5.819609509197246761e-03
2.461251660024082288e+06 1.605803495209559983e+01 5.124397297947101172e-03
2.463137562337926589e+06 1.621756029444682312e+01 5.152594458641435518e-03
2.461626514784733299e+06 2.021103850367384780e+01 1.726926132839695649e-02
2.463074688508982304e+06 2.283102554538783835e+01 1.614072289086948275e-01
2.462752642752231099e+06 1.736716484238950642e+01 5.617209507583311064e-03
2.461608709281407762e+06 2.266360021487166776e+01 1.549544577100789300e-01
2.462752620339990128e+06 1.883880772540060988e+01 8.457756733995276319e-03
2.461608520035494119e+06 2.082761754044040359e+01 2.884187133605404380e-02
2.461869797594147269e+06 1.612743762499986389e+01 5.140026432309320083e-03
2.463467607715900522e+06 1.881546737041697881e+01 1.308602543093590267e-02
