2.460857741397072561e+06 2.030288362907560895e+01 1.716849705482179078e-02
2.461264644555323292e+06 1.932133393872046057e+01 9.824745003757471076e-03
2.461236755373757798e+06 1.547772332781701543e+01 5.104872017135653889e-03
2.463801498679684941e+06 2.220990201319099810e+01 6.828099899698404640e-02
2.462711648973539006e+06 1.855767926627208908e+01 6.901286003941491630e-03
2.461264662689066492e+06 1.991414561162171282e+01 1.377394447189147185e-02
2.461944786581379361e+06 1.582450893123031754e+01 5.141906066293618072e-03
2.463072663918234408e+06 1.602840801840186913e+01 5.175894701967617174e-03
2.462213823537145276e+06 1.752137785861145147e+01 5.701366958181778959e-03
2.462357670061345678e+06 1.955094316782862052e+01 1.064470284518744675e-02
2.461562836273170542e+06 1.674318754052270819e+01 5.333715092577267190e-03
2.461265622817866970e+06 2.260735162699833012e+01 1.042273138021600071e-01
2.460466830287552439e+06 1.531651486162460962e+01 5.088408860695784602e-03
2.463447505513587967e+06 1.937738905593046468e+01 8.533847520843710829e-03
2.461265629277072381e+06 2.324343926667913962e+01 1.449625701466865091e-01
2.463072664344187360e+06 2.197245609586919457e+01 6.867149029233518553e-02
2.460503538389516063e+06 1.552692175221736548e+01 5.108215413135989980e-03
2.460877548401478678e+06 1.722693618590563958e+01 5.511336920615107077e-03
2.462713497978552245e+06 1.814973915264616977e+01 6.202639114875678657e-03
2.462678614503733814e+06 1.515282296675811935e+01 5.079159850421843814e-03
2.461615757319205441e+06 1.878002388250248345e+01 8.594584293235915315e-03
2.463747648310157005e+06 1.685024881825560783e+01 5.359900824349839166e-03
2.460466830701559316e+06 2.211402577410269998e+01 4.325453559228938788e-02
2.461939780779203866e+06 1.641491088660378850e+01 5.243692996211218871e-03
2.461621498794436455e+06 2.076437694326790506e+01 2.916697836848425318e-02
2.463773574963227380e+06 2.115033206701647117e+01 4.146020113239169691e-02
2.462329704724086914e+06 1.909158110870725622e+01 7.870626208017221861e-03
2.460523694931528531e+06 1.612204307337437470e+01 5.194900882420119305e-03
2.461261632458664477e+06 1.593879604244142456e+01 5.163432230440844276e-03
2.460465648604034446e+06 1.698327372445547567e+01 5.413421248907611394e-03
2.461944785752302967e+06 2.096366935658139141e+01 2.113872832707012345e-02
2.460493758794766385e+06 1.888129972870505924e+01 7.644209471361907739e-03
2.462001640307696071e+06 2.063245060937370923e+01 1.624632749246631216e-02
2.461262506065917201e+06 2.048890019543269148e+01 1.585154969005620959e-02
2.461262622855316848e+06 1.752748946519034945e+01 5.675929451884352550e-03
2.460531505200401880e+06 1.879801161920838837e+01 7.171854218174908771e-03
