2.461531895638441667e+06 1.975666663426607883e+01 8.201173433652661493e-03
2.462602766448793933e+06 1.878638825129272760e+01 7.370999748547417234e-03
2.462344735852297395e+06 2.027639319437996690e+01 2.986010559782336857e-02
2.462003703166410327e+06 1.662792726592787673e+01 5.179045779235812337e-03
2.463082479761338327e+06 2.137219511519517567e+01 6.556848645706050971e-02
2.461894708031269722e+06 2.206024015759466650e+01 6.845366249446803442e-02
2.463784572034256067e+06 1.657205658404767235e+01 5.181611511691280522e-03
2.462608746941157151e+06 2.093912924626145156e+01 5.718325267023660619e-02
2.462252727240237407e+06 1.521220598792084999e+01 5.040082395912926123e-03
2.463015893569914158e+06 1.694904980518162674e+01 5.214915482933348348e-03
2.463015816069100983e+06 2.007111155449349127e+01 1.438059304447978498e-02
2.460870490399604198e+06 1.644494477932163790e+01 5.180488672370557254e-03
2.462608765291217715e+06 1.884459628426001032e+01 9.176650166257585561e-03
2.461975773802014533e+06 1.645041859123843864e+01 5.134299996465844888e-03
2.461308514731973410e+06 2.049100948615602746e+01 2.156218937674124828e-02
2.461842861914977431e+06 2.028147336868534722e+01 1.944842431922999201e-02
2.460932603234595619e+06 2.008233250326735941e+01 1.239502095945926342e-02
2.460870568976538256e+06 2.198516053597855091e+01 9.862238192844248463e-02
2.460830658855336718e+06 1.830388272539573080e+01 6.569550852915623934e-03
2.462607761200212874e+06 2.133533900029950203e+01 8.070335834857671198e-02
2.461127851922425441e+06 2.240830731477544902e+01 6.330087483191176867e-02
2.461297576478052419e+06 2.168012823505119258e+01 4.331585665956322329e-02
2.460487756963315420e+06 1.804287181099643433e+01 6.705659376382656044e-03
2.460547597855313681e+06 1.604627123199841066e+01 5.077598804512513907e-03
2.463000896738781594e+06 2.065142265753698680e+01 1.658807487967514996e-02
2.461905874236962758e+06 2.288292912421537295e+01 1.372015888706708264e-01
2.460569601017618086e+06 2.034610775830320861e+01 2.535573845676502430e-02
2.460486755820011720e+06 2.210055127151337828e+01 1.339709315438586679e-01
2.461196834762563463e+06 1.964494343218690631e+01 1.182665527343206187e-02
2.461196818895448465e+06 1.866844140210492498e+01 7.119167531130999454e-03
2.463016669104254805e+06 1.655411165206944091e+01 5.128924577676106586e-03
2.462761584183273371e+06 2.014277418505160355e+01 1.293393313542685018e-02
2.461643590694912244e+06 2.092463776803171882e+01 2.757999955129627687e-02
2.461866767676437274e+06 1.992789575022776916e+01 1.042672435083728984e-02
2.460573523154043593e+06 1.597772328011826204e+01 5.073749087126819442e-03
2.461863823468618095e+06 1.755006668226872080e+01 5.334341466274554813e-03
2.461908919910031836e+06 2.004051757440055681e+01 1.047451576672819504e-02
2.462399553605088498e+06 2.172828019564835245e+01 8.044035233418707354e-02
2.462571882229895331e+06 2.219024194858679522e+01 7.757029087044715887e-02
2.463723772460630164e+06 1.652619247091308807e+01 5.125641806572846931e-03
2.461964750383648556e+06 2.226365732051745283e+01 9.357695063783913469e-02
2.462728479873917531e+06 1.980828993209473055e+01 9.012225843602852948e-03
2.460448876013381407e+06 1.606391540655612360e+01 5.077794589024918308e-03
2.463048750252087135e+06 2.266724258943452242e+01 1.536535740908729908e-01
2.463699726053890307e+06 1.866409170784024596e+01 7.114165833181659501e-03
2.461513765816607047e+06 1.700410428726346623e+01 5.286589710396203193e-03
2.460788820682421327e+06 1.546347420607409440e+01 5.044577198125630227e-03
2.460418909995015245e+06 1.902057064528075614e+01 6.489624386729259987e-03
2.460907702183669433e+06 1.688219799722797276e+01 5.201392317211264195e-03
2.462252727687714156e+06 2.029900864677426853e+01 2.589497398835523267e-02
2.460487739990849979e+06 1.833081767111323401e+01 6.625815739400334539e-03
2.463045579465258867e+06 1.865748455927374394e+01 6.696732011281997417e-03
2.460569600571619812e+06 1.619778253265748091e+01 5.131989730498391807e-03
2.463868491272561252e+06 1.809945237622859793e+01 5.583366882625030551e-03
2.461308514281343203e+06 1.630531886029551814e+01 5.111795993900967311e-03
2.461531896087320056e+06 2.209450591289467170e+01 3.900586216294187059e-02
2.461964748146833852e+06 1.630279199419412350e+01 5.118297754038431471e-03
2.463467580145341344e+06 1.796631104446738902e+01 7.044416420626381341e-03
2.461937830814269837e+06 2.181462647767020258e+01 6.105895368817758351e-02
2.460476787260817830e+06 1.677129768641656327e+01 5.169989768426714455e-03
2.463016668657374568e+06 2.244852263687452520e+01 7.237926216111528754e-02
2.463723771999367978e+06 1.982949138812282541e+01 9.659087244705089753e-03
2.461671552713892423e+06 2.162986002151461662e+01 4.093473004911182822e-02
2.463016839293069206e+06 2.174866287296462986e+01 3.146052604577975059e-02
2.461643589254528284e+06 2.080017450278185365e+01 2.639742705636884124e-02
2.462375601969964337e+06 1.824796544956419808e+01 6.030583793894364261e-03
2.460907697260574438e+06 2.250841180525232943e+01 1.109256389146216631e-01
2.461240740223229397e+06 2.121865177156888649e+01 4.043789919947369388e-02
2.461987673827158753e+06 1.691464202870040978e+01 5.288086241276349596e-03
2.462705735204327852e+06 1.896897806451895363e+01 8.693513349714179425e-03
2.462247813088136725e+06 1.648461639803026557e+01 5.121446843102627627e-03
2.462021608136740047e+06 1.521768702599497836e+01 5.037912759450938194e-03
2.462651713584659621e+06 2.174551012592834098e+01 7.556138758125577337e-02
2.462986901867248118e+06 2.088987059240128730e+01 1.877949329058039088e-02
2.460830660648446064e+06 2.082578393551407103e+01 3.845849773943498667e-02
2.461973714409497567e+06 1.704511957082827323e+01 5.212752631875766304e-03
2.460829852384665050e+06 2.147519226981382090e+01 5.159120772174630859e-02
2.463841559719697107e+06 2.314720635788826542e+01 1.202001926512735741e-01
2.462691489050043747e+06 1.611261084906517738e+01 5.169760198860370685e-03
2.463084662960793823e+06 2.181480573127379330e+01 7.850372222518557652e-02
2.460858590682793409e+06 2.254164698948709855e+01 1.052401333325933552e-01
2.463015899389092345e+06 2.122513982026978852e+01 3.857835615164215137e-02
2.461863824367953464e+06 1.978163497523874170e+01 8.559812738743897628e-03
2.463015815611177590e+06 1.926441807078391122e+01 8.582006031401686469e-03
2.463084654765620828e+06 1.924553959736813979e+01 9.454294342298170950e-03
2.460788820199871436e+06 1.789787645051244525e+01 5.464104901948282564e-03
2.462727484297063202e+06 2.075322167555135877e+01 3.215855232587115642e-02
2.463854569997263607e+06 1.806929625197660272e+01 6.151101703893814727e-03
2.461243483013362624e+06 1.837658796537201056e+01 5.913821779366210986e-03
2.461105862105247565e+06 2.177229327586045216e+01 6.763952682929036397e-02
2.462713700144438539e+06 1.520101118658643635e+01 5.035623243276439280e-03
2.461179866857763845e+06 1.846964002170097530e+01 6.054788658096092561e-03
2.460924644179432187e+06 2.156265244779691770e+01 7.162822561547749212e-02
2.463740689383674879e+06 2.261795392811930228e+01 9.304456501330224394e-02
2.463402570594347082e+06 1.503212592661214408e+01 5.030379111631468579e-03
2.461992678068947978e+06 1.528203264862341904e+01 5.040295077891413129e-03
2.462706725170246791e+06 1.948677003653450157e+01 9.788768741078477872e-03
2.460422799136167392e+06 1.866109236153662820e+01 7.658686913752603583e-03
2.461935787979697343e+06 1.537366563277693032e+01 5.041861340335024831e-03
2.460413788102894090e+06 1.964356730608635004e+01 8.779156434650770002e-03
2.460418921196972020e+06 1.733871331737774213e+01 5.287520387338682376e-03
2.463658901822347194e+06 1.594758886994098646e+01 5.076683178194891372e-03
2.463752608864941169e+06 2.082925219509744252e+01 1.762117621145486632e-02
2.460527686003504321e+06 1.998201581696298845e+01 1.014833068990323925e-02
2.462636623810633086e+06 2.148569662825026327e+01 1.424438571550480925e-01
2.460859755044605583e+06 1.626964157712204795e+01 5.096712455454149859e-03
2.461608732113699894e+06 1.947098766670367098e+01 9.678122283724131802e-03
2.462764547261645552e+06 2.324235140226991447e+01 1.587971024452925206e-01
2.460448877916851547e+06 1.798884408284141756e+01 5.497837369203518662e-03
2.463752673377322033e+06 2.178582618320521291e+01 3.084742578551801992e-02
2.462671906537840143e+06 1.699887776739694090e+01 5.640146927048310908e-03
2.463699724714694079e+06 1.661730872614695897e+01 5.169941883027905950e-03
2.461608494101746008e+06 2.017545391815047751e+01 1.217974222122484955e-02
2.461999480360339861e+06 1.824540694863086898e+01 5.830129582207898946e-03
2.463457475811566692e+06 1.712860376464318080e+01 5.249702440635925504e-03
2.460941584008972161e+06 1.517087346649709900e+01 5.034304440343105591e-03
2.462025626300624106e+06 2.063995626607813705e+01 2.342430523896990580e-02
2.460796775041602552e+06 1.874680388981822432e+01 6.221251656893676298e-03
2.461552842668963596e+06 1.905323815524719677e+01 7.561397901003864483e-03
2.460519477235731203e+06 1.671473942820414038e+01 5.164346387451158177e-03
2.462649719396214932e+06 2.180222050137730250e+01 4.304752201093590275e-02
2.460519488140416332e+06 1.750982603018784189e+01 5.362400053425193762e-03
2.463693800138892140e+06 2.298270450824147559e+01 8.404016314646352293e-02
2.463695820420929231e+06 2.198089679841283584e+01 3.769445524532627489e-02
2.463796735961452592e+06 2.183797698712768209e+01 6.854120750076586610e-02
2.462645869309784379e+06 1.882859112123288980e+01 9.386187389248521265e-03
2.463792747102082707e+06 1.554487478686010427e+01 5.058320408080380949e-03
2.461625626687290613e+06 1.984006956008828126e+01 1.111118735890041093e-02
2.460460873935637996e+06 1.782982901642629869e+01 5.511950944061747015e-03
2.462398563004364260e+06 2.119821230750455143e+01 5.445218474950686699e-02
2.461133794652372599e+06 1.614875679151318622e+01 5.102725262964016677e-03
2.462398582058317494e+06 1.545988191398518374e+01 5.053759484830415948e-03
2.461542713393650949e+06 2.048655731433475324e+01 1.735760439227412508e-02
2.462223815379877575e+06 1.972858053041084503e+01 1.191815624514673891e-02
2.461511813590558711e+06 1.666593537774222611e+01 5.138275499264762652e-03
2.461161753318211064e+06 1.517851404376600044e+01 5.036948756272557892e-03
2.463719891286579892e+06 1.540363828589365625e+01 5.042333606427474614e-03
2.462003704061242286e+06 1.579692522485974848e+01 5.070037348902006573e-03
2.461922858925705310e+06 1.788382991928482113e+01 5.465418648975282033e-03
2.463437487286107615e+06 1.583129438692985502e+01 5.072822902662281995e-03
2.461169886930115521e+06 1.868284526499477849e+01 6.133604478894987000e-03
2.460434895134573337e+06 1.533638994979760994e+01 5.041180143963397767e-03
2.460547597405015491e+06 2.126781291694519993e+01 2.366815037632923405e-02
2.460831604123059195e+06 1.757274029305630592e+01 5.672247783097978877e-03
2.461975773358028848e+06 2.194924537914897300e+01 7.833747823341442873e-02
2.463822683784627821e+06 2.216282504404914278e+01 1.187509879388063960e-01
2.460778827828828245e+06 1.546208755824052616e+01 5.047114393511124841e-03
2.461964749936191365e+06 1.844595647284402773e+01 6.345740387857374577e-03
2.461515804032847751e+06 1.718877070003044594e+01 5.390473026493388872e-03
2.460897677634335123e+06 1.652497812659086662e+01 5.179858826106572764e-03
2.460849819416346028e+06 1.693565062287480671e+01 5.186702330144098323e-03
2.460527686452894937e+06 2.116826082899935102e+01 2.441876033998045467e-02
2.461225767307517584e+06 2.087569111487670170e+01 2.980081234302643656e-02
2.462636624258280266e+06 1.706321239723844485e+01 5.839282389476228505e-03
2.460413790359606035e+06 1.762751896656571660e+01 5.388430783631538608e-03
2.460897480735492893e+06 2.021904591535492557e+01 1.698057569035157921e-02
2.462004489883369301e+06 1.966315082605773767e+01 9.228276948615599801e-03
2.461671552264892031e+06 2.118630464386819767e+01 2.633661032357283854e-02
2.462962809058388229e+06 2.293702506683271736e+01 1.491054855942254287e-01
2.460871758389002644e+06 1.528925696772291865e+01 5.049592988948003666e-03
2.463502519542804919e+06 1.962792233773028272e+01 8.376493175097489072e-03
2.463672870367484633e+06 1.723842153493322371e+01 5.322271512940846862e-03
2.462704543215438258e+06 1.945451614832906628e+01 7.598456499793307395e-03
2.460828809372982942e+06 1.802183425846822473e+01 5.588203539348951705e-03
2.461610494683251251e+06 2.071692443359566482e+01 3.500245529152390400e-02
2.463136515549788252e+06 2.231238325217463370e+01 7.257941139510686035e-02
2.462643891355282161e+06 1.834302704575116394e+01 6.695987639497875260e-03
2.462677771753092762e+06 1.999138466285215188e+01 1.434778384897355229e-02
2.463383860838749446e+06 1.849122616801360408e+01 6.233450206605161553e-03
2.463383710778414737e+06 1.972774296626025148e+01 9.148178332623543157e-03
2.463103607351768762e+06 1.551961406712201175e+01 5.050824421529790872e-03
2.462747586815524381e+06 1.580831807844385217e+01 5.062321254698956205e-03
2.463768753208134323e+06 1.952967244908916200e+01 7.517284762989654909e-03
2.460531685644281097e+06 1.995260443745218026e+01 1.010912732037036812e-02
2.461485790340200532e+06 1.806347200848247425e+01 6.314652991096708634e-03
2.463140506787335966e+06 2.231963213703207316e+01 1.068151221525897587e-01
2.463140503984491806e+06 2.012268872331276981e+01 1.596098768263139525e-02
2.463794734996789601e+06 1.575409872272995493e+01 5.065649334037621541e-03
2.462582845935303252e+06 1.622782324953095667e+01 5.109690903155118466e-03
2.462290860187379178e+06 1.957703827678899700e+01 1.127828274550651474e-02
2.461242783859679010e+06 2.093948404379896644e+01 2.532305487502918562e-02
2.463074664447499439e+06 2.303903355030560363e+01 1.289080717302339141e-01
2.461869773683216423e+06 2.273142287974950904e+01 1.627483995092891822e-01
2.461608495892117266e+06 1.608957402523815006e+01 5.083743067030401137e-03
2.460561627879791427e+06 1.904788522916314264e+01 7.244590888008993999e-03
2.460950507996351458e+06 1.887763049369003454e+01 7.289500844564317759e-03
2.461626490237511694e+06 2.223223128531401471e+01 6.312254993944266257e-02
2.461627501860566903e+06 1.693994397930357820e+01 5.233813210364028634e-03
2.462752596580049954e+06 1.608674507017253319e+01 5.093148534311899012e-03
2.461608733452879358e+06 1.877520156597304180e+01 6.908749254287871629e-03
2.463046756930597126e+06 2.173642571375732402e+01 6.260451227469084057e-02
2.462375597476684488e+06 1.624608545737118703e+01 5.104373928180181742e-03
2.463722784138173796e+06 1.755622973110951790e+01 5.388565319190738619e-03
2.463467583414738066e+06 1.645985954095099046e+01 5.218400420386875259e-03
2.462047540292739403e+06 2.049946560961960529e+01 3.329480903011262927e-02
