2.461943812514448073e+06 1.999108492422599070e+01 9.350275295010026730e-03
2.460576579562790692e+06 1.969024870089358004e+01 9.380361373000507472e-03
2.463719692835157271e+06 1.678120586706072359e+01 5.119976679898644370e-03
2.461215849818119314e+06 1.683424623906378415e+01 5.133618337928839807e-03
2.462570832828391809e+06 1.730444054116785324e+01 5.214870460404227685e-03
2.461641664124843199e+06 1.693029518727727378e+01 5.157494490639825090e-03
2.462324821973586455e+06 2.105308705300111782e+01 1.573361463639746591e-02
2.463659843239361420e+06 1.663770669796407375e+01 5.107315734080758278e-03
2.463420596495677251e+06 2.023733817392930590e+01 9.183704429912299336e-03
2.462407541082111187e+06 2.282158717767195455e+01 1.006367114750764541e-01
2.463009640002102591e+06 1.560584803284362287e+01 5.039549645907051741e-03
2.463122624527034815e+06 1.696348445122138671e+01 5.166465853882720900e-03
2.462562824288962409e+06 1.668561867070787130e+01 5.128067400432909095e-03
2.461180862955104560e+06 2.202789904345311456e+01 2.839772880487863305e-02
2.460850741198212840e+06 1.951761596684682587e+01 7.185566521015383616e-03
2.460932551863107830e+06 1.879080765120941976e+01 5.900403962991598167e-03
2.460855773117154371e+06 1.548774172536154126e+01 5.035463420560803635e-03
2.463657896416845731e+06 1.531426080491403674e+01 5.029754022401227570e-03
2.461556838578447234e+06 1.833995516122899616e+01 5.680774313568070361e-03
2.461641594545828179e+06 2.091920113394885306e+01 1.555469830755433144e-02
2.463839663345736917e+06 2.089882505616418129e+01 1.873163564292872063e-02
2.461670631690775976e+06 1.814173108098538023e+01 5.713139347520177456e-03
2.463009857289539184e+06 1.962376881042157351e+01 7.530490034297376498e-03
2.463690848651987035e+06 1.714772643711974709e+01 5.176449671494878432e-03
2.462347515356661286e+06 1.530118570794098787e+01 5.029775964860521559e-03
2.463721892177338246e+06 1.588859917596298743e+01 5.050645550881248044e-03
2.463483550475349184e+06 2.031251518756176111e+01 9.202972581866978447e-03
2.462326807406563777e+06 1.848700442793710863e+01 6.316675501480604332e-03
2.463745684058555868e+06 1.515067161901652248e+01 5.025501641261899410e-03
2.463328796108510345e+06 1.896205847966669111e+01 6.192394304731656078e-03
2.461674541641603690e+06 1.939421258558029848e+01 7.067889498552102322e-03
2.463855583374936134e+06 2.286759005076807227e+01 8.939750285556809228e-02
2.462326708139393013e+06 2.037681223531739860e+01 1.005630795928809385e-02
2.463090685679634102e+06 1.890416217654003361e+01 6.726211852612880640e-03
2.463086672100920696e+06 2.238887887893805129e+01 1.069397213655881168e-01
2.460797747611606959e+06 2.326251131878718326e+01 1.034585926205203593e-01
2.462561870172350667e+06 2.024325696799052565e+01 1.190936512824559805e-02
2.461586754002246540e+06 1.958268554604716627e+01 6.879105128749937736e-03
2.463128561489738990e+06 2.133051402900106197e+01 2.204292933562868387e-02
2.463121580919405911e+06 2.001116239860947843e+01 1.104424403563974803e-02
2.463447642122790683e+06 1.807492820342077522e+01 5.450521482311597617e-03
2.460876561750582419e+06 1.570480970243137619e+01 5.043632199107378304e-03
2.460418822477889247e+06 1.547225465044731152e+01 5.034391102657296765e-03
2.461557868139055558e+06 1.578709563190150611e+01 5.046418427359774736e-03
2.463115626137566287e+06 2.315239654589498031e+01 1.339212067761613445e-01
2.460503598872013856e+06 1.840508971211481537e+01 5.582063706777723108e-03
2.461879840713723097e+06 2.379423114623924818e+01 1.333463341086681408e-01
2.460788782854905818e+06 2.171918992128185621e+01 2.290299382501291212e-02
2.462021555782309268e+06 1.807919217572348103e+01 5.522435124729065635e-03
2.463479554682733957e+06 1.986292326364540273e+01 7.834067762072823363e-03
2.463070704781213310e+06 1.677913437943226427e+01 5.119553379177322130e-03
2.462347515813745558e+06 1.805570916145408589e+01 5.481307900617817669e-03
2.463018842506843619e+06 1.620527961131341499e+01 5.068743140207667211e-03
2.463307849316745996e+06 1.620662672554390937e+01 5.070407169866245935e-03
2.461535722789655440e+06 1.609759822811511043e+01 5.061811335602783672e-03
2.461879758298081812e+06 1.920949942517643194e+01 6.574146305263841444e-03
2.460495618758441415e+06 2.390362264944718618e+01 1.678387008116416779e-01
2.462321854492433369e+06 1.814356064780517741e+01 6.049024021252190179e-03
2.462325725238004234e+06 2.247786883792275958e+01 5.210921779638455487e-02
2.462355625710241962e+06 1.660267359952859678e+01 5.103941318444728779e-03
2.462327701635563280e+06 1.590086638595258783e+01 5.051686224533902432e-03
2.463341788212065119e+06 2.155041660766322309e+01 1.818342491701848904e-02
2.462355467686845455e+06 1.630906740505714936e+01 5.080208387820832859e-03
2.463115624800018966e+06 2.245968370102559319e+01 7.572762840699655273e-02
2.462321765772440005e+06 2.106792179639825946e+01 2.282519701521797117e-02
2.461671546533486806e+06 2.228166721124483374e+01 4.885657894652459948e-02
2.461505831901450641e+06 2.148415810857549602e+01 1.959574722817099268e-02
2.462021556231408846e+06 1.558886663716345744e+01 5.039079471237579468e-03
2.463660848894141149e+06 1.975959755089749237e+01 7.982942951946165808e-03
2.462379654571491294e+06 2.323632672552542999e+01 1.268674546794741620e-01
2.463483550929181278e+06 1.518852372045211396e+01 5.026288570241775958e-03
2.462379600702006370e+06 1.992324184213600446e+01 1.174552825126142300e-02
2.461523774688518606e+06 1.893115620599619575e+01 6.519403130143226928e-03
2.460788782405157108e+06 1.871544006839597074e+01 5.767064310728685535e-03
2.463798731751054060e+06 2.297210945401863569e+01 8.529652398195158858e-02
2.463070704332346097e+06 2.246307902019018243e+01 5.381630711711370835e-02
2.460503596363707911e+06 2.339700069659013337e+01 1.016225251123388656e-01
2.460790805932863150e+06 1.733384927646508800e+01 5.201353348070304056e-03
2.460851749132409692e+06 1.892878190260424986e+01 6.844028217754454489e-03
2.463396794482458383e+06 1.717880136456686557e+01 5.189741382642639247e-03
2.461214766261171550e+06 2.192872282211851598e+01 3.647787009482055670e-02
2.460935557233700994e+06 1.530817392736511984e+01 5.029483346546302462e-03
2.463709787135065068e+06 2.111239433934620280e+01 3.757525114138896005e-02
2.461612485294304322e+06 1.924853694831542228e+01 6.885694236685637598e-03
2.460851807176915929e+06 2.261339616908289685e+01 8.532770000113730491e-02
2.461618692095510196e+06 1.864829612758325794e+01 5.736297182401190950e-03
2.463126557426373474e+06 2.180334834374919595e+01 2.623049284640129736e-02
2.460527659634222742e+06 2.208164405135477892e+01 3.787563920874603696e-02
2.463119549901804421e+06 1.665950063126160785e+01 5.105075112316414566e-03
2.460527661844322924e+06 2.075935906878942205e+01 1.286192992870434197e-02
2.461999659019676037e+06 2.174146787415454440e+01 3.085049427774869471e-02
2.461263691118035465e+06 1.743078742533187508e+01 5.254126492195664022e-03
2.463042771729926579e+06 1.949602929648837701e+01 7.691237092216371765e-03
2.463747636778056622e+06 2.113088400893680685e+01 1.759911606804757944e-02
2.463479550031945575e+06 1.992624029415754450e+01 7.884555575332168748e-03
2.461608509901384823e+06 1.973481855513588812e+01 7.556501757571842254e-03
2.460413763828607742e+06 2.263359605508811967e+01 8.573414302700234357e-02
2.460418825298791751e+06 2.136376133664496990e+01 1.860495878080877311e-02
2.463018842061206233e+06 1.696109331360768380e+01 5.142393623544947757e-03
2.462597799311460461e+06 1.807791937239547764e+01 5.524446015136623422e-03
2.460441771451053675e+06 1.919556218179778284e+01 6.196742203655571449e-03
2.463060781513603404e+06 1.839416779050832318e+01 6.296583558411165960e-03
2.460915608233083040e+06 2.358688924539221432e+01 9.895135919829753379e-02
2.462566833015825599e+06 2.190507154291855585e+01 3.919889893238480416e-02
2.463333791669513565e+06 1.861746010588194977e+01 5.707515513789674678e-03
2.460885674502303358e+06 1.613898759713827147e+01 5.069966403224548772e-03
2.463143547019946855e+06 1.520741576913693294e+01 5.027298063584847813e-03
2.463419512220045086e+06 2.171056536031102269e+01 8.133021461956813081e-02
2.461642616826619022e+06 1.578073900660952589e+01 5.048552072666378544e-03
2.461621694997370709e+06 1.625137810124864046e+01 5.071787894145225219e-03
2.460848813595712651e+06 1.703977113870027082e+01 5.172441599927369779e-03
2.463802715529519133e+06 1.746385181357678462e+01 5.242134279589232698e-03
2.460823870171319693e+06 1.801286531299361471e+01 5.419854969084832337e-03
2.460523672159088776e+06 1.764897855533841309e+01 5.318200763133766606e-03
2.463060712867621332e+06 1.997406455122333213e+01 1.211362440248744433e-02
2.463004657752689440e+06 1.609018170231009393e+01 5.062107019039526618e-03
2.461588767693959177e+06 1.528745140777049549e+01 5.029944511973639433e-03
2.462561870618766639e+06 2.180089009806292211e+01 4.824531455185894491e-02
2.461624648790213279e+06 2.288933202469758399e+01 7.108671260372965983e-02
2.462292835598562844e+06 2.279265987274258265e+01 9.948722209644772496e-02
2.461624662836596835e+06 1.801807716132775994e+01 5.416423417599901778e-03
2.462273930033762939e+06 1.591436354722426394e+01 5.053495909146997998e-03
2.462273930450429674e+06 2.153084172238852645e+01 3.155287846379069283e-02
2.462273930867096409e+06 2.041970086555351926e+01 1.330692936054068617e-02
2.463441493646208197e+06 1.767157670200498387e+01 5.387250332651616867e-03
2.461611553096590098e+06 2.165983069784232740e+01 2.347284736311102543e-02
2.462292809975413140e+06 1.975084390613416474e+01 8.846018284932173972e-03
2.462003612164276652e+06 1.655973551589988091e+01 5.100768606145383334e-03
2.463441549064443912e+06 1.962351926041525374e+01 8.970816629717321203e-03
2.460433736847606022e+06 1.952553331539276371e+01 7.183749118345255161e-03
2.463089637634297833e+06 1.990919510732335951e+01 9.441379618887966660e-03
2.461232793551984709e+06 1.862893550839090651e+01 6.082859466632934906e-03
2.463040813915428240e+06 2.316196921066767445e+01 1.187422685148211421e-01
2.462292899169141892e+06 1.650716766287929005e+01 5.097444495462209041e-03
2.460434906872728374e+06 1.877483214432948699e+01 6.070023408079311573e-03
2.462407541527169291e+06 1.897581169279882118e+01 6.484191348553031316e-03
2.461649643994256388e+06 1.657000414430420321e+01 5.098646502182216898e-03
2.463449526843421627e+06 1.513475942546036102e+01 5.025107368774373896e-03
2.460490649213172495e+06 2.383002644191799391e+01 1.335827231638602175e-01
2.460413766073675361e+06 2.147582729425050019e+01 3.064226938966716635e-02
2.463153550673254300e+06 2.047886628106973461e+01 1.673771150386577436e-02
2.460576576879027765e+06 2.024303720184202149e+01 1.287600368517373244e-02
2.461999657157183159e+06 2.060575271063127545e+01 1.224976662074194617e-02
2.463690849106061272e+06 1.548228572826744021e+01 5.035065431357645810e-03
2.463126557876121253e+06 2.221163498351359067e+01 3.561425705355497628e-02
2.463042774425655138e+06 2.210684199689637452e+01 4.467238316636218398e-02
2.463126612826790195e+06 2.010711266407017916e+01 9.823190087034536569e-03
2.461890744185836986e+06 1.790088835639837939e+01 5.388671433650062299e-03
2.460527662293646019e+06 2.248820415250390425e+01 4.879482510290953506e-02
2.463129578464138322e+06 1.899669315335344777e+01 6.137162055181306398e-03
2.463042789779798128e+06 2.117483370863470071e+01 2.161336627114770342e-02
2.462376585977586452e+06 2.054675503465767861e+01 1.348788805533969112e-02
2.460914615687773097e+06 1.985078732635687970e+01 7.551891626558710977e-03
2.461610526165029500e+06 2.190924560364353013e+01 4.096025649166875476e-02
2.461587831394585781e+06 2.098398512296845198e+01 2.674765142708339025e-02
2.461610512228643522e+06 2.097688033038192756e+01 2.283624014639722838e-02
2.461558727628598921e+06 1.745189301489300959e+01 5.227639227246991260e-03
2.462677752406563610e+06 2.166391359041558928e+01 4.458214343146331415e-02
2.463827647065575235e+06 1.781803055696019555e+01 5.325733963333897057e-03
2.461884783785384148e+06 1.796580545651407590e+01 5.376212079468929705e-03
2.461558852612651419e+06 2.059575688343479882e+01 1.199205908313455068e-02
2.461587759419932496e+06 2.096731078003919890e+01 1.363554877787172097e-02
2.463683843861608300e+06 1.736750608140241070e+01 5.205048205419731018e-03
2.462412540664977394e+06 1.730566501120868850e+01 5.230250956058107338e-03
2.462704496196369641e+06 2.167205738345485244e+01 3.196235659010433078e-02
2.462688612792479340e+06 1.738892784369008382e+01 5.299010922959332924e-03
2.461262526924459729e+06 2.337255679739296355e+01 1.040515046075845967e-01
2.462576855252653360e+06 1.886427557682891987e+01 6.017045384097851994e-03
2.462411544641223736e+06 1.545702837299237054e+01 5.034801536899276113e-03
2.463097706361305434e+06 2.230685424197837108e+01 1.018475856238748312e-01
2.460871579069263767e+06 1.973368903667360286e+01 9.957155920835228033e-03
2.463507536650581285e+06 2.380211541730179192e+01 1.471593278865248600e-01
2.462360658403243404e+06 2.221690431591075665e+01 3.964293898649803860e-02
2.461262626908077858e+06 1.611762995062736437e+01 5.062889970877003029e-03
2.461620678759473842e+06 1.505032321409749763e+01 5.023547413610473730e-03
2.461620695000726264e+06 1.716113983847676394e+01 5.182761879890927618e-03
2.462307803820699919e+06 2.004331397356946809e+01 9.767530159102750034e-03
2.461608510797493625e+06 2.390129090570151504e+01 1.737296812034469784e-01
2.460938578303222079e+06 1.641279103958852659e+01 5.084368475330804799e-03
2.461535724159112200e+06 1.880306824963350820e+01 5.924972921817065093e-03
2.462616698590730783e+06 2.086050446531261215e+01 1.887608320557767477e-02
2.462355626633898355e+06 1.845180676126241792e+01 5.733984510377007279e-03
2.460561604057087097e+06 1.742829794947592603e+01 5.234504866738468390e-03
2.461943812064470723e+06 2.111680744511835783e+01 1.822387708506457982e-02
2.461260664970213082e+06 2.334031180853991216e+01 1.131627266572366453e-01
2.460936556110080797e+06 1.652144362057294558e+01 5.094183412830893994e-03
2.463129577570754569e+06 2.323753846762947006e+01 9.938403747005609967e-02
