2.463113600771736354e+06 1.850693047129745494e+01 9.353096496416184180e-03
2.460576555245671421e+06 1.794184503497101701e+01 5.294706965861313390e-03
2.463719669096917380e+06 1.657291259135887884e+01 5.081812134370532717e-03
2.462406525355154648e+06 1.602865421776964183e+01 5.048360680842974013e-03
2.462378594691055827e+06 1.628970428330030984e+01 5.061761231789714717e-03
2.462407516891591251e+06 1.971802972125949793e+01 7.434677346121191382e-03
2.463420719840419944e+06 1.878207004988148654e+01 5.691662089646131774e-03
2.461180838425718714e+06 1.705343433929103369e+01 5.121736220794079197e-03
2.461670607476808596e+06 2.338943170673575622e+01 1.086134678686134641e-01
2.463009616186448373e+06 1.991873527356231577e+01 7.761590991091697062e-03
2.463122600132004358e+06 1.775546952676959123e+01 5.318079916964418320e-03
2.463420571840084624e+06 1.686484178516123933e+01 5.103223973936335707e-03
2.462324846215167083e+06 2.151308243877798532e+01 2.784172224827438993e-02
2.463839639549965505e+06 1.596613507901691520e+01 5.044860619171621062e-03
2.463772625803374685e+06 1.724252358556731224e+01 5.151554787295046026e-03
2.463009832966523245e+06 1.995273610288903399e+01 7.265153769358112697e-03
2.461477845911676995e+06 1.973334086321935743e+01 7.960751801999916416e-03
2.463420760184022132e+06 2.307651613609337460e+01 8.919767443388229577e-02
2.463772601998429745e+06 1.758016861519084983e+01 5.210894793311307040e-03
2.463659868427255191e+06 2.107952743402744034e+01 1.258915007173051596e-02
2.463690824643163010e+06 2.119303360042351159e+01 1.774734829893317295e-02
2.463153527512709610e+06 2.209020928890191016e+01 6.761612968285352077e-02
2.461215826124822721e+06 1.686935869717660097e+01 5.107286627813989975e-03
2.462570853415521793e+06 1.997004624565753872e+01 8.020287109076176119e-03
2.461641640428656247e+06 2.331215579309087360e+01 8.394710753158321492e-02
2.462562800004858524e+06 2.208071275963174074e+01 5.338426833591489867e-02
2.461556814417527989e+06 1.856518208275701198e+01 5.559970180580852371e-03
2.460855749046518933e+06 2.288260375237041444e+01 9.229337879357057961e-02
2.460879513627625536e+06 1.932042178832181634e+01 6.601894318278903745e-03
2.461641618473084178e+06 2.156448147775589774e+01 2.102608600590081048e-02
2.463121556255210657e+06 2.291824558104669052e+01 9.579230260376131456e-02
2.462326783197227400e+06 2.137579566834319422e+01 1.732651242964676486e-02
2.461645594562394079e+06 2.359554060622480520e+01 8.968842099812383839e-02
2.462561846341124736e+06 1.933580492790387950e+01 6.929944890130127107e-03
2.463328772081275936e+06 2.359731289064660231e+01 1.716002830414807001e-01
2.463447617870502640e+06 1.650969087867277452e+01 5.075707608988250935e-03
2.463798720517370850e+06 2.193996312755852074e+01 2.400702893735111310e-02
2.463086696000861935e+06 2.125068514390090968e+01 5.830437638377432980e-02
2.461908671219286509e+06 1.975397383801872664e+01 6.848683684128693307e-03
2.462759571383392904e+06 1.775695705272469027e+01 5.307094782665160160e-03
2.461147817035946995e+06 2.311070643275774827e+01 5.080583682610608637e-02
2.463090661965438630e+06 2.341180516639479947e+01 8.964959323118970591e-02
2.463855559291804675e+06 1.503695411151773698e+01 5.018934815880036343e-03
2.461674517707922962e+06 2.068338198466099698e+01 1.044690237116078363e-02
2.461254505806074943e+06 2.295884409867463916e+01 5.792631850238098845e-02
2.460418798064237926e+06 1.940668034089640770e+01 6.126442105911465534e-03
2.461557896813403815e+06 1.711232446410127750e+01 5.132674177099611282e-03
2.461879815634879284e+06 1.862229873040760353e+01 5.565235531215257520e-03
2.463115602367218584e+06 2.261866376203026974e+01 4.282726357732209027e-02
2.460788758584619500e+06 2.403614422490541358e+01 1.246844128373660876e-01
2.460495597612966783e+06 1.797589993689839005e+01 5.321075491154662711e-03
2.460466853070787154e+06 2.198656997084046338e+01 2.536447533433514034e-02
2.460503574184090365e+06 2.182294865070268131e+01 2.027163032133778506e-02
2.463808488974584267e+06 1.634016566435905204e+01 5.063285873725413902e-03
2.462378594241629820e+06 2.289887141747070842e+01 6.731144014842403711e-02
2.462347491168366745e+06 2.370977232574397675e+01 1.276423197907210760e-01
2.463307825278980657e+06 1.942195248993604295e+01 6.871689517466760683e-03
2.461535698642586824e+06 1.647066779952895743e+01 5.072292671471434825e-03
2.461890720694764983e+06 1.621771026353423650e+01 5.057694197254279482e-03
2.463449505184961483e+06 2.232073055192170585e+01 2.737244537409537493e-02
2.463115601026052143e+06 1.890165350153333179e+01 5.783872287869963776e-03
2.461147819002304226e+06 2.243961162879854854e+01 2.974471244535314973e-02
2.462321830792048015e+06 2.025168773260696042e+01 1.172075080912496001e-02
2.461671524524253327e+06 2.259069237871019098e+01 4.583141343005103091e-02
2.460495593845135998e+06 2.195396927378221363e+01 2.750871352879197956e-02
2.462355649764020927e+06 1.723872904489191527e+01 5.153091879733534553e-03
2.463012888680081349e+06 1.665422746291031331e+01 5.088355011031890814e-03
2.461879782839807216e+06 2.238942694146020074e+01 3.307417222826038172e-02
2.463808488053175155e+06 2.335379426300151451e+01 8.520442211151189882e-02
2.463341763657339849e+06 2.259406037922212107e+01 3.015651609129020583e-02
2.461908671667270362e+06 1.852486586785553158e+01 5.516224075985638915e-03
2.462321741955494508e+06 1.789681610127820477e+01 5.305969550416475208e-03
2.463778574845063034e+06 2.198099763693833353e+01 3.175140147455196571e-02
2.460503571867291816e+06 2.105579889154662609e+01 1.203942661569349162e-02
2.461916835821137298e+06 1.963550913169446233e+01 6.718984757718361039e-03
2.462379630798000842e+06 1.862763944935002414e+01 5.783815108200984073e-03
2.460503563159989659e+06 1.654294473072927474e+01 5.077368153762804211e-03
2.462379624563706573e+06 1.699401719765257468e+01 5.123634254248306610e-03
2.460788758138548583e+06 2.365848505580861172e+01 8.872184885148882982e-02
2.462021580379260704e+06 1.554665368429802896e+01 5.030813018665573726e-03
2.463660876856223680e+06 2.254518410505306747e+01 3.801720718023372803e-02
2.461523749723928515e+06 1.693487514542005457e+01 5.117726658147615793e-03
2.463090662412944250e+06 2.388613256055096201e+01 1.353198074127121564e-01
2.463798707875783555e+06 2.291354604096232350e+01 4.785664282777690043e-02
2.461214742010372225e+06 2.259095647204174639e+01 5.510399566378870045e-02
2.460790781509336084e+06 1.710729043131401639e+01 5.129670118547950339e-03
2.463709762778609060e+06 1.904100709776720635e+01 6.659305458102794326e-03
2.460877732775950339e+06 1.720105932810492888e+01 5.141701592555998450e-03
2.460851783151471056e+06 1.535331990865053520e+01 5.025798869568252197e-03
2.461612509548304603e+06 2.030163117645334481e+01 8.096116103907709249e-03
2.463451624138452113e+06 2.287372493702225285e+01 6.978947541447046155e-02
2.461618668076570611e+06 1.908617658419503016e+01 5.835279426597810536e-03
2.461263667243808974e+06 2.134719179016810386e+01 1.907998097742479374e-02
2.461608485822948162e+06 2.142142918605639679e+01 1.770880488451971602e-02
2.460527635549416766e+06 2.117786974728532101e+01 1.187680035258797256e-02
2.463416725052672904e+06 2.194502854415978987e+01 4.836128258939578761e-02
2.462358638672438450e+06 2.214717341343095214e+01 2.981747876168432815e-02
2.462243826923036482e+06 1.867600960090867801e+01 5.577058434964973950e-03
2.460418800785827450e+06 1.637432521923932072e+01 5.064572909904218635e-03
2.460467797469701152e+06 2.137541321892973656e+01 1.701451619956992692e-02
2.463747612827088218e+06 1.667101896913333903e+01 5.087188416291213607e-03
2.460466853519455530e+06 2.085367045335888392e+01 1.155642626671761833e-02
2.463747685317936819e+06 2.274450314703935305e+01 5.244723124946981674e-02
2.460822641217338387e+06 1.565662158275998728e+01 5.033440039130337128e-03
2.463126589867387433e+06 1.836603165363952783e+01 5.472497756236192369e-03
2.463018818023806438e+06 2.144374353389067167e+01 1.306465103087206363e-02
2.463126581857045647e+06 1.946412034873564778e+01 6.543894636202901745e-03
2.462566861414296087e+06 1.865147031466204552e+01 5.697118065586187670e-03
2.463859522939930670e+06 1.937817032300127096e+01 6.597056224894128941e-03
2.462649686497004237e+06 1.709438835745361374e+01 5.132812774904837831e-03
2.463004681756363250e+06 1.537252171028240255e+01 5.025712296415891719e-03
2.463143522565407213e+06 1.706162051812425773e+01 5.137858236306548469e-03
2.462619752850724384e+06 1.920139557548538178e+01 5.976888538100454465e-03
2.460441746513849124e+06 2.166775233165458658e+01 2.368063752208215272e-02
2.463333767648636363e+06 2.381729473872001179e+01 1.621656206141450784e-01
2.463419488436630461e+06 1.830173734024055676e+01 6.132915594748435464e-03
2.462741601176917087e+06 1.906224758313900836e+01 6.055623959749850335e-03
2.460885650478983764e+06 2.271597170338232274e+01 7.942040257020747951e-02
2.460796767430994194e+06 2.038873289182089721e+01 8.184823513059671929e-03
2.460823898271713406e+06 2.135500576818918717e+01 2.209404459821464120e-02
2.463475609975346830e+06 2.383539937034464629e+01 1.489740099588127975e-01
2.462597775313591119e+06 2.081663749246855843e+01 1.538389512886218641e-02
2.460915584208263084e+06 1.607760438822510807e+01 5.049144071569156185e-03
2.463366726434566081e+06 2.094594595800877457e+01 1.394925915568023464e-02
2.463060736696645152e+06 1.986969348917852685e+01 8.377995820912580160e-03
2.463060757735583466e+06 1.601253442656586401e+01 5.048794482044085749e-03
2.460848789678774308e+06 2.361236044503593234e+01 1.220965637467973652e-01
2.461649604206071235e+06 1.690408743019722948e+01 5.108563720043843986e-03
2.463441518019104842e+06 1.788502675781101203e+01 5.367222660412927088e-03
2.462003587748512626e+06 1.653482791297750509e+01 5.078363060386629525e-03
2.463089684554866049e+06 2.128317770823228372e+01 2.501581889298455999e-02
2.462567838733444922e+06 2.227738464373122440e+01 3.676967009292460287e-02
2.460855749494982418e+06 2.003924882954471798e+01 9.038156066560110169e-03
2.461588743569234852e+06 2.270506563458896210e+01 4.457198427448701844e-02
2.460433712841946166e+06 1.580852760547999125e+01 5.038442674677501114e-03
2.463449502252008766e+06 1.654498828078639150e+01 5.075757310511097922e-03
2.463441524998027366e+06 1.830299113749590845e+01 5.645837639014739465e-03
2.462292871077110525e+06 2.052790184196919299e+01 1.323213963910886692e-02
2.462561846786343493e+06 2.361655783243013573e+01 1.703222419645632479e-01
2.462407517338626087e+06 2.355894246840426831e+01 1.354680923592603836e-01
2.460465672120447271e+06 1.541082981631259585e+01 5.026728935585506042e-03
2.461588555289699696e+06 1.636686347566268651e+01 5.065332616247613350e-03
2.461611529039452318e+06 1.555612468871298404e+01 5.030587897551856182e-03
2.463089661532985978e+06 1.651227210919655874e+01 5.077328148573737390e-03
2.461232817255646922e+06 2.081311446337954507e+01 1.909387808175630474e-02
2.460831828739597462e+06 1.844170187184692367e+01 5.519631767184664424e-03
2.463040790050222538e+06 2.238140336325501423e+01 4.699095369390300647e-02
2.463113601217152085e+06 1.957434992987744948e+01 2.119369676060089275e-02
2.463126588528716005e+06 1.886556334633840137e+01 5.777516039039727949e-03
2.463126582306860015e+06 2.271373236583119848e+01 5.091946343189712038e-02
2.460822663177160546e+06 1.913602969459038405e+01 5.896581631211799540e-03
2.461890720247378573e+06 1.701436442179534936e+01 5.129205400404339421e-03
2.460576552559818607e+06 2.233365257070233056e+01 3.267574036317646979e-02
2.460527637866021134e+06 2.423940783633113583e+01 1.650222727948001955e-01
2.460490623579551466e+06 1.947141050338910873e+01 6.247408310574320035e-03
2.463690825092436280e+06 2.227330385047897465e+01 3.911115315623073241e-02
2.461999633122010157e+06 1.579423008996665700e+01 5.037934566535981311e-03
2.462406525801995303e+06 1.560165886618097097e+01 5.032248295699193012e-03
2.461884759595119860e+06 1.856267517621293450e+01 5.583034368489551112e-03
2.462673582105269190e+06 2.251445435751688962e+01 7.571465308957392448e-02
2.462412516734665725e+06 2.040769702293338383e+01 1.070752891621607090e-02
2.462376610066814348e+06 1.736990196007027976e+01 5.195236556879508430e-03
2.461558828738003504e+06 1.611702148587234262e+01 5.051643271293203806e-03
2.463683819484924432e+06 1.985981077019674501e+01 6.955953204373808638e-03
2.461610550328464247e+06 2.191622321830147158e+01 3.077366226407888400e-02
2.460914591619613580e+06 1.753593828954334555e+01 5.189917716281962183e-03
2.463827623142933939e+06 2.248255604509193262e+01 3.146306225705130383e-02
2.463473598774371203e+06 2.252547716841471370e+01 4.051340128006434421e-02
2.462704520040575881e+06 1.721413832072095929e+01 5.143846482873146511e-03
2.462576831145988777e+06 1.840403456495190682e+01 5.534103922505912224e-03
2.463061804238108452e+06 2.222039950791024410e+01 1.152104576856295415e-01
2.463097682520021219e+06 2.312090975507453905e+01 1.215960189950901077e-01
2.462411520812040195e+06 1.738858541642540700e+01 5.189857142929172815e-03
2.460871603846061043e+06 2.194522908834922248e+01 4.367093125701002054e-02
2.463739711906342767e+06 2.437913947730955755e+01 1.516954040513954216e-01
2.463507512407355942e+06 1.762147892410645156e+01 5.208123435925140869e-03
2.461620654920332599e+06 2.222944527106466950e+01 3.560755244954918325e-02
2.460938554206646048e+06 2.007756971101042964e+01 7.547702108473203393e-03
2.462616674856615253e+06 1.989282424171209840e+01 1.042392016679525614e-02
2.461670607925383374e+06 1.683590152857419042e+01 5.103629728966336231e-03
2.460561564010374248e+06 1.556717602086537156e+01 5.030752648405688830e-03
2.461608486717536114e+06 1.682867135128399383e+01 5.101881327743684573e-03
2.460936580488415901e+06 1.668729646579684811e+01 5.089003150293260405e-03
2.461535699993867427e+06 2.157306769695381377e+01 2.054812983036532689e-02
