2.461943789543692954e+06 2.054471399153976563e+01 1.805904318970980374e-02
2.460879490545756184e+06 2.136468293230806026e+01 3.753899400287744742e-02
2.463772578144120518e+06 1.659146337816888206e+01 5.300689375384171585e-03
2.463420697051090654e+06 1.749747139387886108e+01 5.646371778136777958e-03
2.463090626569550019e+06 2.161386117308655841e+01 4.272629765316707934e-02
2.463745660167367663e+06 2.063434128206458951e+01 1.887774241904835795e-02
2.462326731266787741e+06 1.869357031606799424e+01 7.428132202051527036e-03
2.460466830287552439e+06 2.197797699241621672e+01 3.571850853984519930e-02
2.463070727644951083e+06 2.323687705054023311e+01 1.734082188064375862e-01
2.463416568999932613e+06 1.946739770861968921e+01 1.299473254900242354e-02
2.462325702238379512e+06 2.161153054230657489e+01 3.844187060919418419e-02
2.463090626153217629e+06 2.007290111328268978e+01 1.369119968657513467e-02
2.461916812877599150e+06 1.728577578981240492e+01 5.543367559190741020e-03
2.460503538389516063e+06 2.127262815898129844e+01 2.937437043801340714e-02
2.463070727232521866e+06 2.071593698695327390e+01 2.174157267471547167e-02
2.460877709564495366e+06 2.250474374118075360e+01 6.332369286599925928e-02
2.461585566488069482e+06 2.217727534950117985e+01 4.867926545884729284e-02
2.462243803493898828e+06 2.216218703791437150e+01 5.689670946157564940e-02
2.463747661365875974e+06 2.293218570772606668e+01 8.708674013903776323e-02
2.463042748497618362e+06 1.983587524019819526e+01 1.333924780435715579e-02
2.460466830701559316e+06 2.293482099145556319e+01 8.396284053814351278e-02
2.463475587499320973e+06 1.904341568912436244e+01 8.229326269052988571e-03
2.460523694931528531e+06 1.541794538077492227e+01 5.099845849661578494e-03
2.461621671747288201e+06 1.576654913597401020e+01 5.134750879463187596e-03
2.463366702881684992e+06 1.699686033427114040e+01 5.420348142136856284e-03
2.462649662796400487e+06 1.793111386206487623e+01 5.980255098900961498e-03
2.461588532050255686e+06 2.307154071798694517e+01 1.608286140787655305e-01
2.460465648604034446e+06 1.968022574584320594e+01 1.004817305814539700e-02
2.463042751012403052e+06 1.701507757635847895e+01 5.455378218100528399e-03
2.460493758794766385e+06 1.789089682519173508e+01 6.006822129384783472e-03
2.461262502755343914e+06 1.907099630377809873e+01 8.052632042748454622e-03
2.460531505200401880e+06 1.706779953418332951e+01 5.444267793331545452e-03
2.461262650244711433e+06 2.177887777693133486e+01 5.431960534851187211e-02
2.461943789128477685e+06 1.583375059569616106e+01 5.143909684286044823e-03
2.461260688514146022e+06 2.007909175390136625e+01 1.347167677074339633e-02
2.461585567314558197e+06 1.794032179076476652e+01 5.982452413819928060e-03
2.463129554538236465e+06 1.693440275543320439e+01 5.397617346159108709e-03
