2.460951544580962975e+06 1.513896262861023700e+01 5.105500064673041023e-03
2.462690606482892763e+06 1.681165287493720584e+01 5.779604926622307348e-03
2.462016614972684532e+06 1.533349357284641634e+01 5.143621745923843656e-03
2.462608749007807113e+06 1.979782823481920317e+01 4.387442653968032930e-02
2.462016592021171469e+06 2.015384065203405584e+01 4.755041934312347063e-02
2.460870600945138372e+06 1.779680981987452526e+01 8.696906004784300467e-03
2.461632658797646407e+06 1.931804313116640870e+01 2.288189392071277029e-02
2.460420784569512587e+06 1.922887010688367937e+01 1.509395647471624066e-02
2.460486803470483515e+06 1.833568391074966542e+01 9.398408020064853013e-03
2.460420761793955229e+06 1.946699876651068806e+01 2.086686334530075265e-02
2.461964735898500308e+06 1.600421204947659959e+01 5.320711010345218275e-03
2.461964713168204296e+06 1.506572553371577428e+01 5.103400569441936437e-03
2.460420784120081924e+06 1.610537364175876718e+01 5.277890363377090062e-03
2.461216624431069475e+06 1.831756170706450249e+01 9.023047977655187027e-03
2.460420761347786523e+06 2.001577708829185198e+01 3.214624455764420602e-02
2.460858602371551562e+06 1.933119492693937147e+01 1.870409672009890056e-02
2.461633738201580010e+06 1.873136015694437262e+01 3.301178717768928073e-02
2.463402636501271278e+06 1.584020583166957508e+01 5.204356805436704571e-03
2.463819695514310617e+06 2.141685837048311214e+01 1.606285390528958412e-01
2.463081685392674059e+06 1.882607225900658321e+01 1.716052486346681880e-02
2.461243741528178100e+06 2.045681020208780154e+01 4.705138153329799927e-02
2.463081662659625988e+06 1.731401221826217096e+01 6.723399069275589300e-03
2.463819673162001185e+06 1.749716256542475534e+01 7.348262811660187348e-03
2.460513656831347384e+06 1.555741641764598882e+01 5.235574252432108854e-03
2.460513680191868450e+06 1.758312166323951686e+01 8.318223397798136035e-03
2.462671825207359158e+06 1.546154049862523117e+01 5.226325450519605544e-03
2.462671847817069851e+06 1.965490398201671240e+01 4.052116493116923734e-02
2.463791768492126837e+06 1.798324078092306877e+01 1.091725970249651616e-02
2.461625701077795122e+06 1.837794575210045167e+01 1.364023227129412298e-02
2.463792734336762689e+06 2.057388608506064287e+01 7.659495208209779471e-02
2.463020862369433045e+06 2.186912747852503713e+01 1.648221211793324537e-01
2.461621478780350182e+06 2.114979283700033363e+01 1.047098892982851887e-01
2.461621469177503604e+06 2.080355572907555839e+01 1.057597154175911186e-01
2.463020839629728813e+06 1.521887546547551118e+01 5.117270467813574489e-03
2.462365705513059162e+06 1.894416585724775359e+01 2.288235681440139654e-02
2.463437682883707806e+06 1.987940748862301632e+01 3.879504703544231492e-02
2.463437659974651411e+06 1.640671203344264129e+01 5.463869083984699941e-03
2.460778850296831224e+06 1.518022667415993432e+01 5.106352019177564684e-03
2.461964715965855867e+06 1.521464659491473448e+01 5.115053745464371270e-03
2.461964738651779946e+06 1.747124039165370846e+01 7.730404606424191860e-03
2.460423819855974056e+06 1.625579139154932307e+01 5.405219609901389978e-03
2.460513681539963931e+06 1.879696817024830224e+01 1.897136439902165350e-02
2.460513658200541511e+06 1.679076313809960297e+01 6.252799899026220513e-03
2.460951544131635223e+06 1.653077452528480507e+01 5.443363717435501306e-03
2.460868730720288586e+06 1.929664560071469381e+01 2.642078244135505002e-02
2.461251756292120088e+06 2.115037457262986464e+01 1.356431630261845933e-01
2.461251733876031358e+06 2.133165705612075769e+01 1.286267164619062375e-01
2.463791783729889430e+06 1.857176508806534443e+01 1.689460753224742220e-02
2.463074732643345371e+06 1.713435826977406151e+01 6.063661430660499153e-03
