2.463736854476938490e+06 1.921378265514612593e+01 1.139553305651702306e-02
2.460951520297450945e+06 2.086469525067199982e+01 3.120951442861196259e-02
2.461607510384880006e+06 1.959234922243820520e+01 1.274788396358133256e-02
2.461938806560453027e+06 1.848805351660280394e+01 7.092661888636849973e-03
2.463137502317462582e+06 1.565020592432243340e+01 5.084193253824443107e-03
2.463856570500625763e+06 2.054461119891359999e+01 4.406922392172996777e-02
2.461614688137620222e+06 1.683549379121754086e+01 5.347226118107745001e-03
2.463076559836312197e+06 2.225596543622810231e+01 1.433084942849085219e-01
2.460786921163855121e+06 2.142985446919191261e+01 6.514463251426909352e-02
2.463856501866865437e+06 1.566671206638190483e+01 5.104336821005661141e-03
2.461598514138958883e+06 1.956157290683297134e+01 1.643350929022206405e-02
2.462690582033876330e+06 1.548183683144138101e+01 5.076182578778615576e-03
2.460870741722918116e+06 2.181364030498995987e+01 1.368671817355432141e-01
2.461515834340352099e+06 2.195861276970466491e+01 1.357198679440176081e-01
2.460870576730204746e+06 2.004452246772111224e+01 4.222993563842917381e-02
2.462672797290405259e+06 1.765107772372133610e+01 5.855684672049681419e-03
2.462608725183239672e+06 1.779727914604634975e+01 6.655639816544275424e-03
2.463139502484657802e+06 1.837124961479067053e+01 7.918773425031694346e-03
2.461668528179561719e+06 1.872374439493420439e+01 8.135981822427905755e-03
2.461632634970703628e+06 2.106753314579034253e+01 5.890173893155069285e-02
2.461633691215927247e+06 2.111187721815051432e+01 7.437258466895578513e-02
2.461643611265529878e+06 1.592232461253234277e+01 5.109479982698266615e-03
2.461905877106115222e+06 2.232602132571658515e+01 1.050573430509648687e-01
2.463000875259140972e+06 2.299842282810735128e+01 1.637574039301344375e-01
2.462342778819513973e+06 1.886177682650105325e+01 1.890783136474712481e-02
2.463373653184939642e+06 1.927570476790954501e+01 1.112297645359885435e-02
2.463045769575996324e+06 1.929049680936188338e+01 9.648877426595033752e-03
2.460486779329863377e+06 1.671418249067702533e+01 5.390202074323616893e-03
2.462342694428459276e+06 2.047180273442193510e+01 3.913280382074159347e-02
2.461196789380349219e+06 1.859226266713438491e+01 6.994811902168934260e-03
2.460547621892367024e+06 1.804500098883985260e+01 5.943032657468996782e-03
2.462397583619060926e+06 1.952160550399968741e+01 1.483973284808607664e-02
2.462670619176459964e+06 1.776307771824842163e+01 6.786388912767241967e-03
2.462260921306667849e+06 2.232835780560516170e+01 1.433133380356318431e-01
2.461551875593740027e+06 1.773870048774563557e+01 6.538669427624422409e-03
2.463044552228515968e+06 1.910054760888062830e+01 1.130680304960903979e-02
2.462400584500712343e+06 1.653287984344106931e+01 5.275620633127787139e-03
2.461551860223218333e+06 2.174348108784174016e+01 9.468232830809981959e-02
2.463465480910077225e+06 1.614901498191235873e+01 5.164471784123920647e-03
2.463736855376213789e+06 2.247279731466223041e+01 1.729405753829562353e-01
2.460448900423177518e+06 2.180395492547544478e+01 5.619214347874460641e-02
2.463044751465421170e+06 1.660811207859419980e+01 5.252399907037882780e-03
2.460487764219992328e+06 1.969462909723813482e+01 1.817422247148355041e-02
2.462252772300918121e+06 1.582525480524351558e+01 5.111363055137036274e-03
2.463736855828835629e+06 1.961829626205116739e+01 1.507857690562295142e-02
2.462342779264572076e+06 1.851219764414093305e+01 1.392005947627949700e-02
2.462342777925733477e+06 1.670137567016314861e+01 5.753041916569558503e-03
2.462342693530231249e+06 1.814072374170029178e+01 7.090772092838034529e-03
2.462616774734749924e+06 1.986230562687159207e+01 2.143243860357309238e-02
2.461643610367660411e+06 2.166370302337058718e+01 7.578938804183468769e-02
2.461596741657561623e+06 1.571719159480763217e+01 5.096169688498633325e-03
2.460900472181077581e+06 2.089644260716285018e+01 4.302655766012530164e-02
2.460476811500772368e+06 2.215718048790333938e+01 1.149254706913351853e-01
2.461632635419532191e+06 1.639181925188199784e+01 5.205817807417314168e-03
2.462606772184670437e+06 1.515552845042557095e+01 5.053890564201448700e-03
2.462260911588466261e+06 2.051428320251759629e+01 3.580425391150664910e-02
2.461596728997406084e+06 1.561673311422975097e+01 5.090259025712253263e-03
2.462321813770729583e+06 1.965637524883974763e+01 1.480233867248109854e-02
2.462345699060643092e+06 2.118601617345784760e+01 5.182257873656542085e-02
2.460890466853027698e+06 1.602068849377807425e+01 5.146352368469878612e-03
2.462609811699804384e+06 1.567740934050473456e+01 5.090601949122690317e-03
2.461987628835405689e+06 2.136830125983033923e+01 6.079406623040451568e-02
2.460858577746580355e+06 2.094398483456974702e+01 3.438985011949796666e-02
2.463084690291082021e+06 1.557313011911417178e+01 5.099851936140818373e-03
2.461662560828144196e+06 1.669861563912450109e+01 5.261323181340468724e-03
2.461309545912878588e+06 1.586514712192496823e+01 5.109956854415324649e-03
2.461894892679579556e+06 2.023804982232024940e+01 1.934547617942017697e-02
2.463782728342719376e+06 2.232723557853670826e+01 1.372608976874012121e-01
2.463084630131379701e+06 2.037155164054415479e+01 3.409427341297570357e-02
2.463373653631235007e+06 1.960449097892503900e+01 1.378424565601070462e-02
2.463492587301022839e+06 2.234746060170682469e+01 1.610787799116069618e-01
2.460830597315166611e+06 1.799298896390416758e+01 8.848308856204658429e-03
2.463797740790148731e+06 1.891305176890483253e+01 8.401229302077033168e-03
2.461187844521642197e+06 2.013672120327915849e+01 1.926465696387228213e-02
2.463852550888897385e+06 2.091973245411282534e+01 3.752170516566197267e-02
2.461243717614323832e+06 1.523295024681941534e+01 5.053062429833850462e-03
2.460924697448228952e+06 1.609835420150704621e+01 5.176604493815708391e-03
2.463412772894518916e+06 2.183814973623521993e+01 7.257550772720075538e-02
2.462553895923997741e+06 1.836072510765262322e+01 8.530362739232938418e-03
2.463402611824009567e+06 1.630586615242915727e+01 5.151366496351859024e-03
2.461551874695925508e+06 1.843921517959635992e+01 9.221899829620813435e-03
2.461633690770751331e+06 1.940046732646935723e+01 1.752850878764697709e-02
2.460422824119486846e+06 1.603665145642309398e+01 5.123606122520915455e-03
2.460924618622836191e+06 2.233093135119412054e+01 1.397786343328991654e-01
2.461633714481581002e+06 1.609555351989449079e+01 5.173189630228187258e-03
2.463791514184079133e+06 2.198017209846240050e+01 1.284086152879990173e-01
2.462636654321448877e+06 1.639032994481116035e+01 5.252187610717315436e-03
2.463436734887922648e+06 1.609963663360872843e+01 5.205999308026021573e-03
2.460780826909612399e+06 1.996888486441997657e+01 1.791481971783687177e-02
2.460448684872316662e+06 1.745590316342840254e+01 5.646115008661082429e-03
2.461128868783879559e+06 1.816397976581705365e+01 6.181828618701648397e-03
2.463108611148932949e+06 1.542509399424739058e+01 5.079510843374225246e-03
2.461608718324398156e+06 1.941727307232688560e+01 1.080878800223009084e-02
2.461626699813531246e+06 2.202312926844338392e+01 9.841080650286043729e-02
2.460448902293201536e+06 2.106167026987674262e+01 3.505022324369978792e-02
2.463791724514000583e+06 2.133514780775207242e+01 8.982899250302849026e-02
2.463791744742588606e+06 2.019686310689114705e+01 4.368839589246493321e-02
2.463752677801033016e+06 2.053441510757641097e+01 1.904057862856716257e-02
2.462322727200351655e+06 2.142213039349048742e+01 4.822336020952442542e-02
2.463792710324903484e+06 1.810454384844430109e+01 6.496119487062697317e-03
2.460720891844260972e+06 1.819054350069902526e+01 7.504001751750152306e-03
2.463820517651478760e+06 1.703225439479068726e+01 5.728868089075331987e-03
2.461625677250090521e+06 2.006990874791751622e+01 2.298047367092685006e-02
2.460519512583333533e+06 2.140186571497603296e+01 5.509427847577951648e-02
2.461552850752834231e+06 1.855108900252298554e+01 6.870076506114867164e-03
2.462989911218553316e+06 1.884783783427988979e+01 7.588255076214603552e-03
2.462542880155744031e+06 1.722433900816246677e+01 5.513664049531922552e-03
2.462365661513891071e+06 1.963686753220149228e+01 1.634849187027300615e-02
2.463695795948258135e+06 1.756233552512153651e+01 5.639347617722581703e-03
2.462365681759932544e+06 1.640580039358878395e+01 5.237975941306311292e-03
2.460519466422054451e+06 1.759569795326250485e+01 5.923982305357871313e-03
2.463466628196270205e+06 1.725578013406389744e+01 5.557198150959861971e-03
2.463856502331756987e+06 1.948825723099409046e+01 1.946400233671324864e-02
2.461672542971523479e+06 1.844467127684107766e+01 6.813731480506118356e-03
2.461543906279655173e+06 1.534602506006202205e+01 5.059512322472236798e-03
2.462398563820951153e+06 1.956304190283911382e+01 1.694069854559352925e-02
2.461599586048516445e+06 1.977090343292946528e+01 1.554100242033339997e-02
2.460460849993029144e+06 1.506095134930787793e+01 5.045399370363494972e-03
2.462346728935393970e+06 1.914346980369345630e+01 1.116700456395512686e-02
2.460547621444481425e+06 2.176501125020624272e+01 5.901668200249420015e-02
2.461126856356934644e+06 1.969886164588305633e+01 1.332730406494850826e-02
2.460778825362902600e+06 1.846907668874916197e+01 6.819659079989411413e-03
2.462636667317044456e+06 2.110081759437775517e+01 7.210369478679151678e-02
2.461515826127248351e+06 2.109330132871880181e+01 5.242099973355427572e-02
2.460778811790924985e+06 1.588802691835975445e+01 5.103891364264862354e-03
2.460951519848241005e+06 2.098941876240800042e+01 3.383125801770516666e-02
2.461607510833796114e+06 1.884896329144923044e+01 8.272072185659406357e-03
2.460423795230078511e+06 1.785122414066650265e+01 6.048293238054738841e-03
2.460953538883665111e+06 2.222522056466056029e+01 1.351418436798368650e-01
2.461607753293689806e+06 1.702914034489692696e+01 5.508202336622802786e-03
2.461596730370917358e+06 2.157325386201518924e+01 9.779745132099737503e-02
2.461924835644974839e+06 1.710568335582270905e+01 5.370381336743005468e-03
2.460828812923010439e+06 1.748880288362351010e+01 5.559258562078979796e-03
2.462615923945410177e+06 1.639979168941750487e+01 5.278071589407314253e-03
2.463500541203736793e+06 2.062191778801333442e+01 2.447178599728356413e-02
2.463136527674611658e+06 1.914561083953906007e+01 8.794381914512748935e-03
2.462290846053803805e+06 2.250327369501531649e+01 1.619090587815982252e-01
2.463117609839159530e+06 2.112380019502832340e+01 6.686889477530282011e-02
2.460868818181290291e+06 1.509196917689520490e+01 5.082176583445799367e-03
2.462582851335936692e+06 2.131396992353057129e+01 6.355423904518084366e-02
2.463136491892536171e+06 2.305279656714283476e+01 1.680795579668364348e-01
2.462985735365039669e+06 2.278261459885140994e+01 1.535020003497491181e-01
2.460868706072211731e+06 1.899748626218001846e+01 1.404749022832816815e-02
2.463354901407957543e+06 1.758003295942957678e+01 5.643114597115445920e-03
2.463117558069860097e+06 1.830548355220180667e+01 6.717726500491418527e-03
2.461663573542467784e+06 1.993160855382516417e+01 2.768566143186059619e-02
2.462643864983557723e+06 1.631210592636886147e+01 5.212121637341438421e-03
2.463672843452733941e+06 1.801965815803790250e+01 6.937359729479717664e-03
2.461524914356468245e+06 2.071156571919846101e+01 2.498918107118660095e-02
2.461990526581592392e+06 1.674542529635922250e+01 5.254573664281116455e-03
2.463794734186136164e+06 1.505340930907273922e+01 5.047426639361971175e-03
2.462374603312614840e+06 1.767875431616441517e+01 6.092878823351295485e-03
2.460417912016310729e+06 1.812018791938687556e+01 6.133362340928846627e-03
2.462551893954237923e+06 1.692783891047662337e+01 5.900033210461757237e-03
2.463103593008311931e+06 1.854074553466632835e+01 9.333419645089973543e-03
2.461608717431229074e+06 1.614259387661715905e+01 5.131544375582244161e-03
2.462375641636712942e+06 1.748040189974584990e+01 5.721789708807033595e-03
2.463074708857564256e+06 1.808105067162223634e+01 6.156001453398649709e-03
2.463074514602172188e+06 1.637275037351905382e+01 5.209573466010256754e-03
2.461626700262417551e+06 1.787419886444487460e+01 5.938620868347707464e-03
2.463791760014070664e+06 2.109531675234271830e+01 9.723318932284012728e-02
2.461627703394706827e+06 1.688843982299517421e+01 5.345271308332799794e-03
2.463137503214770928e+06 2.007361164762658490e+01 1.953303286552054638e-02
2.461952631708728615e+06 1.891473332649973571e+01 8.380434882790589735e-03
2.463088654112406075e+06 1.806072878625590405e+01 6.666157282233552313e-03
2.463075679209559690e+06 1.718219041443406780e+01 5.474151059588145199e-03
2.463074686764276586e+06 2.190722395545187595e+01 6.955477060643969200e-02
2.461811876611187123e+06 1.797599001027854015e+01 6.827525792344681273e-03
2.461811879702446982e+06 2.070163272867829818e+01 4.562928676530927929e-02
2.463722668076734059e+06 1.654194630358691853e+01 5.232585638302022016e-03
2.463046773578807712e+06 2.156926937033578895e+01 8.448286663936652174e-02
2.460873711071810219e+06 1.923152684509451760e+01 1.272156982277740205e-02
2.462606772632903419e+06 1.653551509341489378e+01 5.253037473092627037e-03
2.463076560327521525e+06 2.085199327296637506e+01 4.218127007645781218e-02
