2.463700768998184707e+06 2.056783254330716915e+01 2.887000709680051166e-02
2.461938782480507158e+06 1.526868662412668876e+01 5.038658802160272780e-03
2.463137491508611478e+06 1.761144102444438175e+01 5.654174772549583859e-03
2.463736830185380299e+06 2.062978470039204382e+01 2.315251741380246545e-02
2.460932575994735118e+06 1.617312126332549127e+01 5.087992103091627631e-03
2.463015832846923731e+06 1.688592793701289452e+01 5.179727232471238729e-03
2.463076535393919796e+06 2.203709145154179083e+01 1.129186135589028001e-01
2.461598490302173886e+06 1.687941201519842593e+01 5.397474234764943792e-03
2.463821508494225331e+06 1.643501670472939580e+01 5.116664830815174404e-03
2.461614664220023435e+06 1.786882853793498427e+01 5.711217946454725559e-03
2.460870717713029124e+06 1.688963540472028768e+01 5.305066698658047857e-03
2.460850765247705858e+06 1.603330910306471679e+01 5.076869745232569578e-03
2.463856546183483675e+06 2.197714106453612004e+01 1.090892094423252384e-01
2.463139491574094165e+06 1.902701524410618106e+01 1.182093504796827635e-02
2.461668503543670755e+06 1.850685291461087445e+01 6.422921479101542132e-03
2.463073741242392454e+06 2.230463693207012099e+01 8.963937169506151770e-02
2.463657883688358124e+06 2.197001988632569436e+01 4.631033931478757693e-02
2.463721903650048189e+06 2.075581961697660915e+01 1.592086528125028627e-02
2.461633667423107661e+06 1.941096497146949673e+01 1.400936650506792551e-02
2.461982504105692264e+06 1.812516424712872265e+01 5.765574046843547143e-03
2.460486755820011720e+06 1.854866165430870240e+01 7.828898059677534549e-03
2.463373677150022238e+06 1.527728886707343570e+01 5.038772076261053418e-03
2.460487756963315420e+06 2.108368314997709803e+01 6.333228487607672763e-02
2.463000886880922131e+06 1.919157973101811265e+01 7.164581600525789414e-03
2.461643587343784980e+06 1.993133900816550153e+01 1.226617019856319178e-02
2.463483574507609941e+06 1.815328832135202219e+01 5.621824883566189923e-03
2.462670643604260869e+06 1.545910638359371347e+01 5.060874219295049062e-03
2.461196813348158263e+06 1.814926041382573274e+01 6.083779942461508237e-03
2.462397559924537316e+06 1.882578276500986902e+01 7.725350960445416526e-03
2.462342670598729514e+06 1.823139619241939258e+01 7.055132284074137894e-03
2.460797772174019832e+06 1.707947810377626041e+01 5.207844009711482154e-03
2.461905888404286467e+06 1.951006810257540280e+01 9.121926524861644417e-03
2.460573523154043593e+06 1.518976239308389786e+01 5.034908673322510859e-03
2.462342755124116782e+06 1.550541389657327329e+01 5.067247909703926322e-03
2.460547597855313681e+06 1.782292262594681631e+01 5.446019884677274006e-03
2.463045745629837271e+06 1.739100319563356933e+01 5.296203710556016131e-03
2.460569601017618086e+06 1.846021385741354237e+01 7.085504716213510655e-03
2.461661562296769116e+06 1.782347675696860989e+01 5.660132390482595054e-03
2.462400560580284800e+06 1.761026858449706367e+01 5.751082674630534838e-03
2.463736831115363631e+06 1.957916586566322081e+01 1.065656450965036736e-02
2.460418909995015245e+06 2.102394011331430335e+01 1.777507494699313503e-02
2.460448876013381407e+06 2.243907552334411548e+01 5.202683094776953954e-02
2.463465469987698365e+06 1.987483568322292626e+01 1.912810520785867066e-02
2.463479578713075258e+06 2.138498104038984593e+01 2.725250105334571515e-02
2.463492563745377120e+06 1.583446705507884644e+01 5.070373771782666836e-03
2.463044528396079317e+06 1.653310323492734568e+01 5.147526637501342872e-03
2.461551901264526881e+06 2.187183797135666197e+01 1.407619966275721335e-01
2.462252747511493973e+06 2.040468390614423555e+01 2.480535216223409695e-02
2.462347711186989676e+06 1.655737180831331301e+01 5.141418690220440728e-03
2.460487739990849979e+06 1.543051042504462345e+01 5.048517666186739215e-03
2.460569600571619812e+06 1.793476710142772390e+01 6.391246435651623883e-03
2.462342755570129491e+06 2.093201085048564991e+01 6.765572908275378772e-02
2.462342754229556303e+06 2.083016698190762384e+01 6.846307613595221941e-02
2.462342669695902616e+06 1.949950515030874243e+01 1.643612321947746091e-02
2.462616750323167071e+06 2.149980298036356174e+01 4.780288179954590710e-02
2.461596766931131016e+06 2.044828486650742150e+01 2.394981106523231401e-02
2.462327725726411678e+06 2.321441665947499899e+01 1.442122617290370890e-01
2.461643586441103369e+06 1.793450678229575956e+01 5.666025127500206454e-03
2.462606748141836841e+06 2.117283280050328642e+01 5.129746795436124912e-02
2.462345722984843422e+06 1.752531397795298673e+01 5.664049022514374039e-03
2.460476787260817830e+06 1.740097663524532479e+01 5.334453746704009673e-03
2.462260900337140542e+06 1.506504257456854923e+01 5.032237151461472872e-03
2.460900483409558423e+06 2.010956454765186407e+01 1.010083397569997397e-02
2.462355478939676657e+06 2.112494992390330140e+01 2.627446704670790764e-02
2.462321789999445435e+06 2.205983291144045211e+01 7.616094096314098005e-02
2.460890477820953354e+06 1.521349233366227516e+01 5.037434785330699265e-03
2.461596704859641381e+06 1.698151610313873761e+01 5.203147607929187006e-03
2.461671570839075837e+06 1.795086057256406775e+01 5.550705549954249203e-03
2.462609767774398439e+06 1.598471323166864977e+01 5.115966784052520394e-03
2.463368867150501348e+06 1.727840030669934634e+01 5.266845347786702249e-03
2.461987652780278586e+06 1.951555524470404279e+01 1.242487363409046537e-02
2.463084666371912695e+06 1.591920354343368871e+01 5.080417139435786968e-03
2.463782703491162974e+06 1.841624507809979150e+01 5.851789069830162955e-03
2.463700767204630654e+06 2.238714159086902455e+01 1.188736181747811066e-01
2.460858540421439800e+06 2.263280895676449234e+01 1.513777328744660144e-01
2.463373677598256152e+06 1.590494438786641496e+01 5.071351837610428917e-03
2.463492563297905028e+06 2.057654971775720654e+01 2.571946949343365332e-02
2.460830621218726505e+06 1.614581121204721015e+01 5.098557964399529074e-03
2.463084654218541458e+06 1.926962640281473682e+01 9.580389217436799387e-03
2.463084504615299404e+06 2.268378431933722794e+01 1.038707946485863676e-01
2.463797716784614138e+06 1.963991485794614533e+01 9.739719079294141546e-03
2.461894881094327662e+06 2.099164205890598112e+01 2.077955049848669369e-02
2.461598489856964909e+06 2.112353736399485982e+01 8.110523952261669556e-02
2.461309521713673137e+06 2.050743306201045257e+01 2.430119793144789805e-02
2.461633666976775508e+06 2.229556087142816168e+01 1.628193792667831374e-01
2.463396818752177991e+06 1.512079724099758771e+01 5.033005196327790080e-03
2.461187868600712158e+06 1.909899935550013339e+01 7.363841648179177309e-03
2.461187715027518105e+06 1.882235771434005756e+01 7.454838295039667266e-03
2.463412748986491468e+06 1.847906360909679790e+01 6.150343136624001131e-03
2.461551900368581526e+06 1.840927716468468134e+01 8.931978586275379078e-03
2.463852575290120207e+06 1.829488979606164634e+01 5.969022219658537062e-03
2.460924642380414531e+06 2.103081708344939216e+01 4.192107148051741478e-02
2.460422799136167392e+06 2.141198821657139817e+01 6.277834649491871588e-02
2.460935581211423967e+06 2.076846069688909324e+01 1.532430334598226286e-02
2.463402570476595778e+06 1.976180595186539435e+01 1.020198692433687583e-02
2.460924673712991644e+06 1.516022315259012920e+01 5.038780465812579129e-03
2.460851773150225636e+06 1.531726072432857855e+01 5.043958024957391484e-03
2.461551835701150820e+06 2.167419319847907033e+01 6.235479620327857159e-02
2.463119574050160125e+06 2.213858679513775485e+01 5.848260034344660713e-02
2.460780801412515808e+06 2.099519398032875017e+01 3.779856745143026636e-02
2.462322702969952486e+06 1.883952432033224156e+01 6.331008282053369324e-03
2.462309570355720352e+06 1.894485995631410091e+01 7.094451801028266169e-03
2.461128857451828662e+06 2.043731095061169256e+01 1.143965265980388148e-02
2.461608747307998128e+06 2.008508710172613121e+01 1.655886255694173290e-02
2.461626675861682277e+06 2.080417439753334818e+01 2.212501376877527848e-02
2.463436711114737205e+06 1.910871140379050104e+01 1.427832349831415805e-02
2.460448877916851547e+06 1.997537624491513242e+01 9.013702993391317295e-03
2.463791490334071685e+06 1.919057501861829707e+01 1.082822911746738129e-02
2.463791699796499684e+06 1.579757037180753798e+01 5.078264968860974823e-03
2.460413788102894090e+06 1.848965595334431100e+01 5.991377185878794982e-03
2.460418921196972020e+06 1.551255850765521416e+01 5.047442804804596304e-03
2.463752653361590113e+06 1.841088491268714478e+01 5.769635188067693751e-03
2.463108587184478994e+06 1.644137056979149492e+01 5.201775145774753008e-03
2.460527686003504321e+06 1.994760144735682061e+01 9.952869403140716595e-03
2.462636678189326078e+06 1.614956855471050901e+01 5.121811380580301200e-03
2.462989899706490804e+06 1.695399022802078193e+01 5.189530735506635989e-03
2.463820492648849264e+06 1.545624482046512149e+01 5.058374008395144852e-03
2.462365637447642162e+06 1.547507492363603099e+01 5.050630016460105377e-03
2.461552826462919358e+06 1.504151344802993329e+01 5.030618962294018497e-03
2.460519488140416332e+06 1.788708673645455605e+01 5.551739185129885359e-03
2.463802739449677989e+06 1.556329223889465929e+01 5.051048774302197703e-03
2.460519477235731203e+06 1.720486087669614150e+01 5.279523932765709665e-03
2.463856526856382843e+06 1.637210650051726191e+01 5.161102094017955624e-03
2.460547597405015491e+06 1.535122533326185845e+01 5.040306559569621148e-03
2.462398539800081402e+06 2.140011458369835040e+01 5.288406700804167831e-02
2.461624687539266422e+06 1.863572514806945080e+01 6.226366913730130292e-03
2.461649668052417226e+06 1.894888475963355390e+01 6.749473131421647627e-03
2.461590767626137473e+06 2.139492117405875860e+01 3.901644575916146662e-02
2.462346705121344887e+06 1.620748904327208351e+01 5.119069177551617035e-03
2.462292859385849442e+06 1.604767086735313697e+01 5.081385179172567303e-03
2.461672518897537608e+06 2.028309198660891965e+01 1.457224520008032834e-02
2.461543880720117595e+06 2.047340067347657566e+01 2.366554348238349495e-02
2.461599561052909121e+06 2.251928835199289836e+01 1.474926036491264192e-01
2.461126831718931440e+06 2.129527701279323182e+01 2.714579227680883819e-02
2.460460873935637996e+06 1.864347667230171979e+01 6.317465101194881874e-03
2.460434895134573337e+06 1.898656887780988711e+01 7.411597275113030250e-03
2.460527686452894937e+06 1.885076279307369873e+01 6.472094387979299146e-03
2.462402523292056751e+06 1.740765133276468291e+01 5.398437647267754873e-03
2.461924811609712895e+06 1.573119627548872224e+01 5.058075269568070541e-03
2.461607486961240415e+06 2.106972175974666683e+01 2.778034631846331912e-02
2.461596706276721787e+06 2.298536193108698100e+01 1.288533607736667697e-01
2.461596535146977752e+06 2.001992488911216128e+01 1.256559733751588283e-02
2.460413790359606035e+06 1.624277048788261979e+01 5.095499564387012681e-03
2.460778787347213831e+06 1.741280368986330629e+01 5.418641104805300805e-03
2.460953515093639959e+06 2.292415768192547532e+01 1.633790091903161712e-01
2.461607729338656645e+06 1.501648743575252887e+01 5.031994826288335200e-03
2.463042813654509373e+06 2.191281638816727906e+01 9.718299066641002126e-02
2.461515801321973093e+06 1.947674652047431465e+01 1.095756787462350695e-02
2.460951556241625920e+06 1.803277758706790124e+01 5.740800497764557767e-03
2.463383625130749773e+06 2.290883970622063970e+01 1.168569011112481210e-01
2.462615910354663618e+06 2.090160540664419742e+01 2.969889139536616152e-02
2.461663549383142032e+06 1.846775938655331473e+01 1.130455565212460517e-02
2.463500516959373839e+06 2.228667480430856784e+01 5.602065815458699000e-02
2.462985711175088305e+06 1.718228792646179670e+01 5.259342971259618922e-03
2.462643840532917064e+06 2.126637885117475335e+01 5.046256032609573033e-02
2.461587807431857567e+06 1.848609234823542025e+01 6.543163903287611653e-03
2.463117582228890155e+06 2.229872254141225696e+01 6.189783139301346243e-02
2.460828788586847018e+06 1.593887080105048781e+01 5.070608032251554612e-03
2.463136502800241578e+06 1.658720040222402048e+01 5.134624785919594987e-03
2.460868794451876078e+06 2.112076265097844185e+01 8.365153593882564131e-02
2.463354912900457159e+06 2.162974195556968837e+01 6.694335004805447575e-02
2.461587783720033243e+06 1.881162301543201565e+01 6.339077560730680891e-03
2.463117585333258379e+06 2.056745809025801819e+01 1.775264121927281127e-02
2.463136503216908313e+06 1.838389088859499765e+01 6.044779493209446498e-03
2.462677776850619819e+06 2.270723655726092005e+01 1.406854158768728602e-01
2.462582872518106829e+06 1.831363517519810102e+01 6.561468095700336532e-03
2.460531685644281097e+06 1.546844682413158800e+01 5.045242928272882302e-03
2.462360634118205868e+06 2.189060343366156047e+01 4.254333750869009056e-02
2.463794758548436686e+06 1.858662447870482737e+01 7.084656088193830650e-03
2.461524903781002853e+06 1.620260894904586735e+01 5.091197156541285573e-03
2.463103617217378225e+06 1.526573926415857230e+01 5.041305219461187336e-03
2.462374579392340500e+06 1.890204079262386472e+01 1.158431621807068379e-02
2.461990502126304433e+06 1.893881865614098103e+01 7.414759784698772907e-03
2.461154799290826544e+06 1.593263345627149263e+01 5.068772881674813921e-03
2.461620718925808556e+06 1.649874950894842129e+01 5.137567851730130870e-03
2.461952607137838844e+06 2.219792802640044727e+01 9.946553307977705483e-02
2.463722691904731095e+06 1.803418582629491240e+01 5.618911050351647202e-03
2.460561627879791427e+06 1.731441890632307690e+01 5.296894961877041466e-03
2.462616914784941357e+06 1.639968333505427367e+01 5.116073143609616881e-03
2.463791705480280798e+06 1.733026955651905610e+01 5.645008182723846440e-03
2.463074662591690663e+06 1.921646692832248959e+01 7.473340630333517344e-03
2.462606748590194620e+06 2.109234228636961106e+01 4.995224544022257990e-02
2.463046749622076750e+06 2.142496579548906865e+01 4.556092824731616114e-02
2.461626676310631447e+06 2.206050702027931720e+01 6.175293578414441792e-02
2.463137492410673760e+06 2.171587967532815355e+01 8.715697820015176622e-02
2.462616772952342406e+06 2.165913053598411153e+01 6.484680242731138966e-02
2.460873734960202128e+06 1.766750914060362732e+01 5.468695061486146015e-03
2.463074490234648343e+06 1.630036722752780776e+01 5.114598932638491323e-03
2.463088630191723350e+06 2.220268384417015639e+01 7.348534886199035998e-02
2.461627679190292023e+06 1.947273337667035520e+01 1.118372274136273867e-02
2.462309571713696700e+06 1.814060258137392623e+01 5.796142092029732580e-03
2.463076535845195409e+06 2.056388817320166851e+01 3.092986625646571702e-02
2.463675844384088181e+06 1.761365326134060538e+01 5.561791007264762533e-03
